# x, y, z, vx, vy, vz, species
12.7846 2.90941 12.4676 0.0190749 -0.0136863 0.00336039 0
5.3393 2.2858 10.4143 -2.11937e-05 -3.55876e-05 2.1677e-05 1
15.0287 0.0225667 15.8863 -0.00217737 0.00391693 0.00530456 0
0.745513 15.5797 3.72445 -0.000567674 -0.000183971 5.48358e-05 1
6.12654 15.7387 7.46934 0.00010365 0.00247166 0.00251806 0
15.0751 9.0121 6.16703 -6.94578e-05 -0.000257713 0.000185373 1
9.75177 13.3117 2.80212 -0.00452487 -0.00828471 0.0123945 0
3.32686 9.08377 0.500932 -0.000100205 0.000282204 -3.81544e-05 1
6.29691 14.8386 11.6357 -0.00636868 0.0044473 -0.000620962 0
13.5128 11.9572 8.63529 0.000129526 2.327e-05 0.0001073 1
9.6892 4.39078 4.72182 -0.00901274 -0.00257584 -0.0101136 0
12.6431 9.69547 14.8211 0.000150023 5.54233e-05 0.000154375 1
13.5799 7.2139 1.55277 -0.0110368 0.00636383 0.0085672 0
4.39599 8.98026 6.12639 0.000220483 0.000183593 -0.000220704 1
4.08195 0.646111 11.3761 -0.00514295 0.00343145 0.0101577 0
7.60599 9.01193 11.1284 3.05139e-05 -0.000241537 6.42098e-05 1
8.6487 3.27234 15.0989 0.00252475 0.00879361 0.0038105 0
4.73028 1.68726 7.30436 7.03283e-05 -0.000324719 -9.44983e-05 1
14.1339 5.1995 1.9274 0.00383549 0.0040856 -0.0137273 0
0.00872245 5.64052 4.87656 0.000197711 -0.000293433 2.67571e-05 1
7.73749 11.0721 4.28583 -0.0198394 0.000321722 -0.013527 0
6.46152 1.03778 4.06303 7.0834e-05 -0.000247688 0.000190141 1
11.4037 2.36414 15.9332 0.00482078 -0.000642931 -0.0186121 0
10.8919 8.49553 7.16554 0.000291236 0.000286952 0.000503097 1
1.31283 5.91672 3.87978 0.00727958 0.00298684 0.00476284 0
13.0629 12.7736 2.41238 -1.18918e-05 1.44929e-05 0.000451307 1
13.7499 5.22211 3.51788 0.0113394 -0.00533888 -0.00497945 0
15.048 6.36158 8.28425 -0.000167482 0.000216584 0.000111927 1
11.7745 3.33266 8.66471 0.00445258 -0.00492068 0.00106376 0
15.9393 15.4468 8.93263 -0.000395338 4.23744e-05 -3.40333e-05 1
4.47572 11.2008 13.577 0.00173445 -0.00290478 0.0113204 0
5.95692 15.0416 15.5782 0.000195659 -0.000254186 -0.000231041 1
7.76889 7.16357 15.8981 -7.47194e-05 -0.00434874 -0.00439892 0
11.5357 4.92904 8.6817 0.000311488 3.3881e-05 0.000525112 1
4.00903 9.44682 15.646 0.00135048 -0.000929456 -0.00909679 0
10.3207 10.7021 13.8267 -0.000452198 -0.000367081 -2.79603e-06 1
9.15431 12.2969 0.691446 -0.000172372 0.00102212 -0.00349653 0
11.9638 15.2499 5.29299 0.000138583 0.000365554 0.000495519 1
15.6705 1.1932 4.88477 -0.00939807 -0.0071333 -0.00516715 0
6.31398 13.5081 14.8797 -0.000539412 0.000321438 -0.000270302 1
4.08508 4.73242 5.1372 0.000311453 0.00462201 -0.00793867 0
4.099 9.78416 1.30525 -0.000155866 -2.69079e-05 -0.000125168 1
14.1768 0.467198 9.25414 -0.00380534 0.0077025 -0.00389792 0
15.709 13.4221 13.7666 -0.000210386 -0.00043949 8.26849e-05 1
5.23096 13.2456 4.34917 -0.00179905 -0.000630161 -0.00125833 0
6.58148 11.1913 2.21304 -8.63489e-05 -0.000465395 -0.000304081 1
11.8917 4.01428 2.95071 -0.00465109 0.00361938 -0.0018286 0
14.6432 7.0779 3.83668 -8.98551e-05 0.000126421 3.3511e-05 1
8.27457 10.4986 6.95924 0.00606048 -0.00400125 -0.000464148 0
1.46863 1.50702 4.98236 -7.91878e-05 0.000248576 -0.000123943 1
7.44608 10.4056 0.77684 0.00363982 0.00885536 0.00420945 0
9.85452 15.1027 15.1082 0.000451228 0.00021591 8.47845e-05 1
12.8094 10.8445 9.18764 -0.00488501 0.00957876 0.00178885 0
13.127 10.4234 3.30654 0.000103517 -0.000158509 -0.000200394 1
6.02257 0.63693 9.87322 0.00198029 0.000686227 -0.00856059 0
5.45072 4.17173 7.93611 0.000364151 0.000308187 -0.0002421 1
14.999 0.627728 6.65943 0.00888791 0.000804126 -0.00784867 0
9.21558 11.7057 2.04327 0.000391794 -0.000356759 0.000114736 1
13.8932 9.00838 3.79325 0.0119839 0.00468873 -0.0131534 0
8.54895 7.94484 6.23361 -0.000144002 -6.94576e-05 -0.000136842 1
0.85325 15.3392 13.5844 -0.00178416 -0.0024215 0.00985684 0
7.88832 1.33355 1.46779 -4.38217e-05 0.000500151 0.000260849 1
3.40966 15.1609 12.4985 0.00330303 0.00109217 -0.00440359 0
13.4157 6.81735 3.56163 1.32125e-05 -5.57404e-05 0.00019795 1
2.34894 8.22454 3.74912 0.000846567 -0.000865087 0.0137984 0
14.523 9.47109 5.60341 -7.41318e-05 0.000434629 -3.9135e-05 1
6.02724 11.2772 3.95219 -0.00274823 0.00567887 -0.0113159 0
9.1433 11.8559 12.2754 -0.000134109 0.00016919 0.000131591 1
10.8897 3.78659 6.41806 -0.00854069 -0.00447408 0.00276185 0
12.8325 15.6464 8.89596 -0.000600599 -2.62175e-05 -6.31098e-05 1
14.8015 14.7012 4.04733 0.00646982 0.00160865 0.00294573 0
4.71168 15.933 11.1515 -0.000112715 -0.000159096 0.000322464 1
14.6439 15.3296 0.916015 0.00285467 -0.0012904 -0.00686995 0
10.3491 6.21167 3.66994 -0.000230011 -0.000314675 -0.000186415 1
4.14173 7.23678 0.526958 0.000351877 -0.00767167 0.00593976 0
2.13026 1.2184 15.0493 -0.000352019 -0.000403682 0.00039412 1
14.7096 1.31012 14.0203 -0.00060206 -0.00351019 -0.00065849 0
7.68657 15.7652 6.02754 0.000326292 0.000336654 -0.000143229 1
13.2882 9.11258 1.01477 0.00328214 0.00510924 -0.0062551 0
9.36254 11.6176 12.1127 7.40639e-05 -0.00015028 -0.000313753 1
3.27402 4.02825 4.39161 -0.00460562 0.00275771 -0.00200872 0
13.3003 4.92506 13.0624 -0.000820712 0.000314673 9.85105e-05 1
7.68276 6.74937 12.569 -0.00414023 0.00835858 0.00486201 0
15.6875 9.72946 10.1859 5.65781e-05 2.23927e-05 -0.000214725 1
11.6307 8.75643 7.21914 0.00273985 -0.00013983 0.00299372 0
12.7444 7.34933 13.4735 0.000444523 -0.000108442 1.90711e-05 1
5.52378 3.35371 9.25652 -0.0125783 0.00406875 -0.00594131 0
6.4059 11.1635 2.88073 0.000546449 0.000392787 -0.00017361 1
14.0005 8.22766 15.5849 0.00603385 -0.00405743 0.00277379 0
5.56168 0.509117 8.77844 -0.000114211 0.000124304 -0.000500458 1
14.3055 2.05504 5.27921 0.000950979 0.00438348 -0.000405849 0
8.18743 2.51128 6.03666 0.000457395 -0.000182256 4.23462e-05 1
15.7653 8.5989 14.7862 -0.00949103 0.00617488 -0.00168912 0
0.998292 2.36405 2.13027 0.000414242 0.000113827 0.000198261 1
11.9633 0.477489 13.8685 -0.0139115 0.00187846 6.83241e-05 0
2.91668 9.02303 13.4514 7.02409e-05 -0.000201889 1.29078e-05 1
3.70895 5.50814 7.57345 -0.00664522 0.00716905 -0.00273145 0
11.7904 8.92437 9.38363 0.000602777 0.000240046 -0.000469714 1
5.37285 14.3907 9.70884 -0.00908542 -0.00355956 -0.0124379 0
0.120782 3.60531 5.84626 0.000116312 -9.46194e-06 0.000274863 1
1.40794 12.9091 0.889175 0.000418282 0.00742541 -0.000206735 0
13.1346 11.4953 8.56117 0.000417471 -1.61621e-05 0.000288861 1
3.26764 15.4934 11.3809 -0.004941 -0.0015966 0.00445322 0
12.2853 1.39687 8.09757 0.00042998 0.000114396 -4.87171e-05 1
9.53479 5.95237 7.25195 0.0120933 0.0269242 -0.00787967 0
1.40618 2.22072 0.0433427 0.000141885 -0.000232846 -1.44079e-05 1
9.70941 12.7166 1.70542 0.00673036 0.00373444 -0.000462306 0
15.8552 3.28019 6.06774 0.000159261 8.24078e-05 4.14347e-05 1
0.785456 12.4957 13.2541 0.00881313 -0.018645 0.000352716 0
3.77086 10.1393 14.5262 -9.86035e-05 -0.000392898 0.000191878 1
10.9439 7.23296 11.4408 0.00718633 -0.00187846 0.0043887 0
9.2387 5.68582 6.26337 -0.000538845 1.21184e-05 -0.000168859 1
3.64769 8.69836 6.91736 -0.00825236 0.00230229 0.0108498 0
14.0576 7.92725 11.8638 -0.000223529 0.000234443 0.00018273 1
12.4845 2.29032 3.27725 0.00780264 0.000136553 0.00225576 0
8.58351 6.06232 7.31203 -9.24328e-05 0.000594572 1.1276e-05 1
8.67518 7.80526 6.5741 0.0157662 0.0111368 0.0146283 0
13.2291 15.3445 5.4802 0.00016925 -0.000336513 -9.6643e-05 1
4.58631 9.85598 14.5936 -0.0138818 0.00710188 0.00163802 0
14.6996 12.6417 0.368922 -0.000203353 0.000157875 0.000279452 1
5.98236 1.08233 1.23568 -0.00295065 -0.0132271 0.000778907 0
5.31454 4.98377 3.63759 9.88655e-05 0.000331536 -0.000368243 1
11.9152 3.28123 12.6024 0.00563241 0.00140511 -0.00037418 0
14.7679 7.45156 7.69347 0.000244322 0.000181164 3.80628e-05 1
0.525346 14.5899 3.98012 -0.00455753 0.000211128 -0.00235919 0
3.52122 3.40309 8.24276 -0.000168033 0.000100469 -8.20407e-06 1
8.9003 13.7627 8.53615 -0.00671352 0.00100682 -0.00789896 0
6.82822 12.7962 5.59125 -0.000199965 -0.000137681 0.000528181 1
6.03067 13.4014 9.43059 -0.000843759 0.0052959 0.0109128 0
7.69855 7.95186 12.2456 0.000572081 -0.000159317 -6.49633e-05 1
1.21968 12.0528 4.32554 0.00102137 -0.000805493 -0.0119924 0
4.06279 3.13828 8.08733 0.000284583 0.000236024 -0.000397617 1
9.12174 14.2149 8.9153 0.00362884 0.00844592 0.00819584 0
12.9096 15.4019 15.1104 5.3917e-06 -0.000248213 -6.12286e-05 1
5.18242 1.38646 10.148 -0.00701704 -0.00981333 0.00498937 0
14.5706 9.99669 5.37364 0.000318609 0.000254698 -0.00010706 1
0.563918 13.2886 5.53251 0.00213622 0.00369335 0.00832913 0
15.5926 12.4762 1.82794 -8.71311e-05 7.34132e-06 6.61671e-05 1
7.53761 2.94532 7.78582 -0.00201737 0.0148993 0.0132706 0
3.488 10.3214 6.74778 -0.000187225 0.000273077 0.000257743 1
13.1721 8.46421 13.0137 0.0126218 0.000384882 0.00486558 0
11.5232 1.70484 2.23988 -1.65747e-05 -0.000210666 -0.000207296 1
11.7087 4.03764 10.1378 -0.00804962 -0.00272015 -0.00665276 0
12.3344 6.75247 5.66201 -7.51178e-05 -5.40463e-05 3.77871e-05 1
1.09519 13.396 6.99499 -0.00137409 0.00039526 -0.00271686 0
6.34664 15.2653 2.1592 0.000127103 -2.78864e-05 -0.000407337 1
8.62299 2.60305 13.4604 -0.00242561 0.00805746 4.70192e-05 0
5.62365 6.60577 11.2784 -0.000494885 0.00053791 -0.000220388 1
1.21018 1.23719 0.0503624 -0.00438613 -0.00296705 0.00787785 0
8.34112 1.38788 15.3311 0.000156214 0.000298166 0.000162672 1
12.1594 11.6016 10.1887 0.00325827 -0.00162216 -0.003335 0
0.706713 9.41343 15.9891 3.16469e-05 0.000605781 -0.000287401 1
5.00103 1.92086 11.6936 -0.00327924 -0.00872214 0.00609587 0
11.9217 0.878281 7.28332 0.00031713 7.9614e-05 0.00051366 1
10.3962 5.85242 8.99863 -0.0123462 0.00679363 0.0193983 0
6.47059 9.15907 12.8646 -0.000589947 0.000114276 0.000491456 1
11.8239 8.31947 6.83058 0.00822886 -0.00171286 0.00240481 0
0.00392091 2.96726 6.14463 6.08403e-05 -0.000154219 0.000604208 1
4.31773 6.37649 1.45769 -0.00551981 0.00181795 -0.00489087 0
13.6443 11.4487 9.42595 -0.000435667 -5.48169e-05 0.000110457 1
0.73502 1.74037 6.26606 0.0066547 -0.00369768 -0.000584704 0
14.1473 9.61247 14.4595 6.31565e-05 -0.00015374 -3.4597e-05 1
13.4086 3.68419 13.3103 0.00587212 0.000711632 0.00653045 0
3.46142 8.29225 9.55559 0.00011483 4.18954e-05 -0.000397649 1
8.2532 7.87091 15.9563 0.00208807 0.00682418 0.0106261 0
0.558486 14.3183 13.761 0.000321792 -0.000206233 -0.000520259 1
4.37642 7.63018 0.725663 0.0132523 -0.00109683 0.00709754 0
4.04196 0.0810189 11.1314 -0.000214472 -0.000149303 5.42689e-06 1
15.4084 1.75672 14.3294 0.00287288 0.00457991 0.00965812 0
10.5939 8.70127 13.832 3.57456e-05 0.000401727 3.31649e-05 1
13.8753 3.91239 2.50958 -0.00516964 -0.009124 0.0015476 0
3.02769 14.1061 15.3815 7.4616e-05 -2.42038e-05 0.000246852 1
0.0804105 13.1364 3.63046 -0.00513305 0.00335847 -0.0330585 0
1.3452 5.22253 8.95738 -0.000187473 -0.000205107 -6.51021e-05 1
0.140202 13.1079 2.05126 -0.00358302 0.00192791 -0.00174832 0
12.0586 12.6206 2.78028 -0.000280166 -0.000144299 0.00011594 1
11.3302 7.60481 0.9522 0.00182907 0.00493196 0.0110401 0
1.04923 13.1445 5.94907 -0.000393338 0.00016679 -0.000134543 1
0.0293289 2.54295 7.50597 0.000131224 -0.00262762 -0.000961229 0
13.4389 12.3653 3.68106 -0.000125616 5.35812e-05 0.000100997 1
13.7105 15.4073 12.1494 -0.000926715 -0.00534365 -0.000388586 0
11.9339 3.20655 13.8902 0.0002712 0.000399909 0.000115777 1
7.52469 8.6892 2.55164 -0.00689497 -0.00105546 0.00314785 0
12.7486 4.70739 14.5901 -8.74987e-05 0.000349555 0.000384707 1
3.93757 8.94163 3.58206 -0.0140598 0.00317304 -0.0101528 0
6.93236 15.7494 2.39421 0.000207878 -8.70975e-05 0.000459204 1
6.34343 15.6109 11.5729 0.00790217 0.00226298 0.0129098 0
2.33519 1.6445 9.13447 0.000220424 -8.82406e-05 -3.19234e-06 1
3.36596 5.55363 12.3952 -0.000406538 0.00686229 -0.00605074 0
15.6388 3.21381 11.0913 -0.000323462 2.90668e-05 8.72683e-05 1
2.00915 14.3571 9.50824 0.000454387 -0.00063623 -0.00926849 0
15.1578 10.006 12.5346 8.36562e-05 0.000567452 -7.69672e-05 1
10.6018 8.84366 9.54474 0.0115262 -0.00362994 -0.0111597 0
9.49324 10.4052 7.66773 0.000390874 0.00024364 -0.000368505 1
7.52102 11.8989 13.9768 -0.000381954 -0.00490224 0.0177052 0
8.67905 7.89221 1.30379 -0.000305239 -0.000111763 -0.000317954 1
6.68486 3.27287 13.4591 -0.00809526 0.00302569 0.00286841 0
12.2842 8.0777 8.69402 0.000323103 8.50693e-05 0.00060272 1
0.479367 6.33774 9.67479 0.00578492 -0.00433326 -0.011855 0
6.14114 7.45268 13.3763 -0.000207078 -0.000161205 0.00017217 1
6.45544 9.63471 10.1199 -0.00556954 0.00496961 0.000553833 0
6.99432 1.55914 6.48105 -0.000162115 0.000421429 0.000359871 1
10.5758 1.50934 10.4607 -0.00906651 -0.00554339 0.0123502 0
6.34736 3.79291 3.75471 0.00040068 0.000231722 -3.48812e-05 1
5.27399 7.19081 10.7116 -0.00758317 0.0127195 0.000576708 0
4.04072 5.74858 6.06897 0.000137824 0.000284188 -0.000383428 1
8.53352 12.5247 11.3221 -0.00142645 0.00294388 0.0112584 0
0.547741 15.7874 1.96695 0.000365053 0.000153414 -0.00029693 1
2.8946 1.44725 1.59872 0.00713414 0.0123219 -0.0298617 0
10.9753 0.278264 5.17012 -0.000112478 9.47943e-05 1.65937e-05 1
4.06825 8.32831 5.47958 0.000221419 -0.010259 -0.00619601 0
2.59814 3.01331 11.6931 1.16131e-05 -0.000136982 -0.000107105 1
15.4161 4.08483 10.5906 -0.00132677 0.00136954 0.00451868 0
12.2964 1.81011 12.7282 4.34229e-05 0.000173572 4.19656e-05 1
15.0684 13.2116 10.656 0.00642631 -8.13409e-05 -0.0043878 0
5.08994 13.8631 15.8932 7.24358e-05 4.66241e-05 -7.78285e-05 1
4.61345 1.74982 10.4183 -0.00476812 -0.00598787 0.00280426 0
13.9022 6.0113 4.74928 -9.1951e-05 0.000270622 -0.000314102 1
10.054 9.77009 9.0413 -0.0114574 0.00606747 0.00346682 0
7.11121 0.234184 9.3932 0.000246759 -0.000242754 0.000104825 1
12.1534 7.98004 8.67099 0.00157943 -0.00958889 -0.000357233 0
8.7895 11.9501 11.4485 -0.000563986 1.94453e-05 0.000311852 1
6.90168 14.3439 1.1302 0.00501008 -0.00503715 -0.00626279 0
7.66636 3.11403 2.66152 -0.000283409 0.000546209 0.000107996 1
10.7251 14.8607 8.53883 0.00176554 -0.0040505 0.00836399 0
15.6273 13.171 8.35944 -0.000165832 0.000119597 -0.000127442 1
4.73771 12.695 2.9183 0.00698063 0.0042814 -0.0239857 0
1.79709 0.0415364 10.209 0.000110744 9.52426e-05 0.00059276 1
12.699 10.3542 2.82499 0.00109765 -0.00147984 0.0140153 0
4.09047 4.83338 11.7115 7.5928e-05 0.000208417 0.000107822 1
12.9517 12.2508 2.39015 0.00313398 -0.00335785 -0.00162659 0
7.5665 8.56538 2.85464 0.000115066 -0.000173128 -0.000249466 1
3.30376 10.1962 4.10476 0.00538303 -0.00693789 0.00391347 0
9.55255 10.8133 7.08426 -0.000101204 -9.85681e-05 0.000390507 1
0.270339 5.43455 13.0993 0.00919678 -0.00991852 -0.00194114 0
4.2384 10.324 9.53122 3.80825e-05 -0.000295464 -0.000394363 1
5.50928 9.88159 7.07148 0.00332537 0.00174625 -0.00213206 0
4.33845 9.48427 10.882 4.46192e-05 -0.000360515 -5.90672e-05 1
3.0299 0.805173 6.0648 -0.00948782 -0.014421 0.00954024 0
15.3863 10.1588 12.0773 -0.000194684 -0.000273877 -7.4089e-05 1
6.75592 13.1305 0.0337202 -0.00227126 -0.00218199 0.00946112 0
10.7446 1.48702 4.11296 -0.000177228 7.59034e-05 0.000100133 1
9.71545 8.10069 2.53624 -0.00861212 -0.000919458 0.00474102 0
3.82417 8.15554 13.2047 -0.000359125 -2.93978e-05 4.27778e-05 1
14.0071 2.61545 12.5478 0.0112299 0.010854 -0.0043259 0
6.35487 8.63666 10.0474 -1.63098e-06 0.000465748 8.52618e-05 1
11.5599 2.25322 3.39616 0.0061364 -0.00100392 0.00600933 0
9.20295 7.66981 5.01917 0.000167926 7.05838e-05 -0.000238766 1
14.383 13.2656 5.04041 0.0101317 0.00827342 -0.00530055 0
3.72127 1.27899 12.4277 0.000220709 -0.000226401 5.72462e-05 1
14.9813 14.0222 4.42972 0.00123861 0.00438758 -0.0054007 0
9.03045 3.06847 3.38885 -0.000305832 -2.25835e-05 0.00038103 1
9.92782 4.75218 6.85549 0.0109198 1.57856e-05 -0.0252475 0
9.88908 10.1307 3.66197 0.000122345 -0.000164641 -0.000171525 1
2.7917 10.5051 13.5511 0.00518689 0.00384819 -0.00472285 0
5.66858 8.40753 7.70597 0.000402077 -0.000268133 -9.35941e-05 1
15.4102 4.00191 2.14647 -0.0131759 0.00811554 -0.0031278 0
3.03593 9.90368 5.1762 0.000399989 0.000254577 9.85541e-05 1
3.16728 1.01058 0.716236 -0.00837393 -0.0118504 0.0149853 0
4.25631 2.38806 2.03501 -8.1903e-07 0.000130881 -9.41877e-05 1
10.4434 12.9626 9.81159 0.00386752 -0.00655843 -0.00726908 0
15.0854 12.9421 1.22282 6.86033e-05 -3.73692e-05 7.53591e-05 1
4.0511 12.4649 13.2012 0.00472577 -0.00831509 0.00483967 0
14.2295 7.20987 14.1191 -0.000355467 -2.81587e-05 -0.000144605 1
0.614027 11.9391 10.5373 0.00880846 -0.0011676 -0.00135784 0
6.20153 7.39171 15.8651 5.42314e-06 0.000278928 -0.00014476 1
6.57967 8.79224 13.277 -0.00765463 0.00173008 -0.000402921 0
14.3824 12.5197 3.64538 2.96728e-06 -2.82687e-05 -4.90707e-05 1
15.3499 7.65524 14.3325 -0.00345112 0.013019 0.000281269 0
7.77578 14.7249 8.33179 -0.000236002 8.27945e-05 -0.000252 1
0.684726 1.77063 9.59354 -0.00871191 0.00200396 0.00813854 0
2.61793 4.38161 14.8531 -0.000505388 0.000473465 -1.16947e-05 1
0.205423 15.8917 10.7212 0.00953278 0.00384882 -0.00494599 0
10.1773 3.53775 15.6545 7.52645e-05 0.000366487 8.7058e-05 1
2.90838 0.850551 5.12612 0.0130625 -0.00172643 0.00201321 0
1.72791 10.965 1.46993 0.000403062 0.000124789 -3.49333e-06 1
2.42343 5.48887 6.61394 0.00389914 0.000772745 -0.00556413 0
2.42471 1.50059 9.23468 -0.000199579 0.000239052 -4.20062e-05 1
2.57689 8.94585 12.9746 0.000231318 0.0142278 -0.00912422 0
14.0767 10.5212 4.97522 -0.000202414 0.000135894 0.000173679 1
9.88143 11.0191 6.01231 0.0187431 0.000768239 -8.12862e-05 0
13.323 0.17703 11.9931 5.14472e-05 0.000261953 0.00018336 1
12.1001 13.4539 7.49165 -0.000109489 -0.00733164 -0.0228708 0
12.4871 3.47515 2.20498 0.000363624 -9.63341e-05 -9.14574e-05 1
6.20327 6.46137 13.9834 0.000409755 0.00643104 -0.00102647 0
11.247 0.845594 7.78631 -5.08194e-05 0.000366619 0.000378092 1
0.358274 5.16054 10.1826 -6.26039e-05 0.00393815 0.00553469 0
8.325 5.97577 1.95761 0.000128814 0.000183308 -0.000213894 1
5.95733 1.00961 12.8074 0.0058752 0.00136851 -0.0143699 0
10.2004 7.93907 2.85243 -0.000210202 0.000204931 0.000187903 1
15.2241 3.25162 9.05384 0.00178159 -0.00264324 -0.00271818 0
14.8747 12.5216 0.897984 0.000393838 0.000125476 -9.74966e-05 1
6.02922 7.39733 7.71745 0.000815363 0.00247734 0.00858031 0
0.797897 14.4621 14.5501 0.000212245 -0.000234667 -6.25026e-05 1
14.7474 7.56711 0.216975 -0.00842601 0.00713263 -0.000453068 0
6.86216 13.5166 4.29031 -1.65966e-05 -4.07794e-05 4.53643e-05 1
0.734086 9.89133 8.99767 -0.00199177 -0.00996912 0.00663351 0
3.78847 11.719 8.77367 -3.88441e-05 -8.86231e-05 0.000270299 1
12.611 9.97481 7.89116 -0.000280738 -0.00691781 -0.0134432 0
15.152 15.4776 2.92786 -0.000298932 -4.32582e-05 -0.000191684 1
10.9068 8.71895 15.6895 -0.0228604 0.00396696 -0.000851869 0
8.78209 9.80694 3.61824 0.00033589 0.00026885 -5.55239e-05 1
2.24831 10.6557 3.44797 -0.00608816 0.0106701 -0.000784962 0
1.79142 5.69625 15.649 0.000219799 0.000332534 1.85104e-06 1
5.45566 13.9624 8.72569 0.0122472 -0.000147943 0.00460846 0
4.08744 15.1469 8.96309 -0.000223869 0.000368052 8.64738e-05 1
8.81138 1.50325 5.5249 -0.013726 0.00628312 0.016463 0
7.22691 6.35798 1.49389 -0.000121336 -6.3003e-05 -0.000322577 1
3.0035 1.50995 5.67416 0.00290178 0.012758 -0.0187035 0
3.13394 14.3505 8.32399 0.000246826 -0.000423356 0.000471837 1
2.64683 9.85999 5.79776 -0.0149566 0.0180926 -0.0103762 0
11.7221 13.1266 5.01019 -2.62057e-05 0.000263655 -0.000197195 1
15.842 7.75277 1.96219 0.0193618 -0.00402084 -0.0032319 0
10.9894 1.48875 0.469593 -0.000199313 0.000129945 -0.000116532 1
6.05557 15.5846 5.38354 -0.00495165 0.00564291 -0.00218109 0
15.8092 14.4203 10.4262 7.0632e-05 -0.000196688 -0.000264376 1
13.1064 14.0748 8.4033 0.00237049 0.00294938 0.00205881 0
6.72201 14.4852 11.835 5.08035e-05 -0.000281686 0.000106255 1
6.97391 9.23946 11.8163 0.00185258 -0.00149933 0.00551427 0
5.03849 0.060604 10.9069 -0.000113125 -0.000237772 0.000106557 1
15.8641 1.17239 1.21904 -0.00021167 0.00411943 -0.00688995 0
1.09581 12.2106 6.53306 -0.000136689 5.32215e-05 7.91224e-05 1
3.7363 12.9239 0.923239 0.0059395 0.00322226 -0.0118285 0
6.07187 3.62721 6.10568 -8.78519e-05 -0.000236439 -5.41208e-05 1
12.8395 7.65457 0.298727 0.00252987 -0.00775892 0.00231479 0
13.4316 15.7092 9.94247 0.000121974 0.000214418 0.000478498 1
8.52049 10.1607 7.19749 0.00116134 0.00251613 0.00115899 0
0.73792 9.07432 4.5416 -3.07631e-05 -0.000205235 0.00017427 1
9.5951 1.02331 14.0602 0.00576746 -0.00914515 0.002444 0
13.4107 4.56433 6.86732 0.000129398 -0.0001589 0.000200076 1
9.15434 10.542 4.06181 -0.00561458 0.00230399 0.00721659 0
0.522414 13.8969 1.03475 3.90038e-05 6.20035e-05 -0.000123448 1
14.5707 7.41899 2.19587 0.0063006 -0.000844916 0.000784827 0
10.2344 10.8225 2.10743 0.000334604 -0.000157768 0.000169305 1
15.5321 4.20823 4.32634 -0.000763875 0.00221842 -0.00126811 0
14.2634 0.0468343 0.63663 -0.000148926 4.92589e-05 0.000186126 1
3.81269 7.55136 7.17825 -0.00291098 0.0157539 -0.0147022 0
7.58744 9.45401 8.59226 -0.000588307 6.67919e-05 6.90261e-05 1
4.54654 7.38921 7.03302 0.00370252 -0.00959629 0.0086752 0
13.091 8.50562 14.0776 -0.00013913 1.36933e-05 -0.00010028 1
10.7936 0.740611 7.22061 -0.00776008 0.00779626 0.00150441 0
4.13093 10.7939 4.74796 7.89984e-05 0.000100644 0.000155601 1
0.0177298 11.4904 13.2869 -0.00521973 0.000911023 0.00515012 0
1.47682 9.54154 8.79324 0.000126838 0.000199254 -5.04259e-05 1
5.1489 12.0143 6.61401 -0.00452871 0.00106686 0.000324911 0
8.03457 2.22179 1.85166 5.57877e-05 -7.43762e-05 -7.03787e-05 1
10.2205 11.8647 8.50208 0.00383604 0.0019993 0.00572108 0
1.34913 6.39019 14.5619 -0.00057289 0.000144051 -0.000132742 1
7.45298 13.0841 1.07378 -0.00921579 0.00737147 -0.00500829 0
8.6802 13.7873 9.4443 -0.000174466 -0.000316242 -0.000138843 1
7.19186 9.26152 12.1863 -0.00775769 -0.00794316 0.0016629 0
2.65071 10.3309 0.716559 0.000328284 -0.000494672 5.02316e-05 1
6.07156 0.108582 6.17203 -0.00072941 -0.00271118 -0.00559714 0
9.28411 8.95506 1.68363 0.000285719 2.4313e-05 -0.000250461 1
1.5754 3.31163 14.805 0.000506001 -0.0116135 0.00113155 0
7.80523 2.08009 13.367 -0.000195488 -0.000340354 -0.000328649 1
7.58544 7.10288 15.9261 0.000868413 -0.000378324 0.00670933 0
0.4945 15.5321 12.3766 -0.000252315 9.36498e-05 -3.23127e-06 1
8.53006 2.68967 3.97084 0.00375048 0.00163832 0.0128182 0
2.83499 8.1189 10.8385 0.00012622 -0.000120278 0.000146136 1
8.72722 2.63272 9.3418 0.00449451 -0.00621781 0.00588618 0
4.80816 5.21304 12.6811 0.00016682 -6.56348e-05 0.000398441 1
2.39015 13.6772 11.3401 0.00561468 0.0211392 -0.0112061 0
0.607427 11.9336 8.78923 -0.000140318 -9.17724e-05 3.59154e-05 1
7.47168 0.546552 15.507 -0.00502227 -0.00560189 -0.00423326 0
7.871 4.83961 7.86394 5.09915e-05 0.000222186 0.000624337 1
7.04693 9.71331 14.7205 -0.00578357 0.00815632 0.0122088 0
7.09524 9.63452 9.46246 -2.87167e-05 0.000323536 -2.44877e-05 1
15.9531 0.918021 0.0421139 0.00632119 -0.0243138 -0.00306761 0
4.0964 0.492239 15.5449 -0.000181539 -0.000200193 0.000168527 1
12.2137 14.862 0.505621 -0.000554282 -0.007321 0.00452282 0
13.1174 5.33459 11.7295 0.000324754 3.76246e-05 0.000338217 1
15.848 3.21069 15.9067 0.00362299 0.00170096 -0.0129937 0
0.0903671 14.9935 13.1509 -0.000142071 3.4257e-05 4.51056e-05 1
11.2183 1.64965 6.35673 0.00768122 -0.0112335 -0.0102354 0
10.1137 9.23302 11.1643 0.000119243 0.000190793 9.14241e-05 1
1.80161 13.4524 3.90065 -0.00427627 -0.00975199 0.0126167 0
3.37826 13.8142 6.42053 0.000229104 -0.000109208 -0.000184618 1
4.2724 0.3525 9.31146 0.00200455 -0.00173794 -0.0081812 0
12.1536 3.00599 11.5166 -9.3813e-05 0.00025366 -2.85296e-05 1
13.1654 8.83043 10.1789 0.00550356 -0.0183218 -0.00333602 0
4.63916 9.01282 1.91937 -0.000181128 0.0001016 5.45925e-05 1
6.43428 2.55151 14.0888 0.00329625 0.00961624 -0.00612882 0
1.64367 3.02538 12.5286 -0.000152442 0.000371996 0.00016176 1
14.3292 9.34102 7.47324 -0.00143187 0.00518371 -0.0001842 0
9.03967 13.8642 9.14806 -3.88242e-05 -0.000283518 -0.000444209 1
14.9705 10.8032 1.86382 -0.00613645 -0.000355019 0.00422543 0
4.06731 14.008 2.92461 -0.000193323 -8.85548e-05 -0.000155161 1
10.8107 15.132 4.30204 -0.00410974 0.00385237 -0.00188858 0
13.852 7.61578 1.77624 -0.000565596 0.000150523 0.000300332 1
0.0596688 13.6859 3.007 0.00718721 -0.0408501 0.0113848 0
13.9158 11.6883 10.3637 -0.000194532 0.00017993 0.000151092 1
0.565303 6.31915 14.9302 -0.00562342 -0.00124825 0.0178205 0
9.26664 1.3657 0.68858 -7.96977e-05 0.000120058 0.00023505 1
12.5362 8.68149 1.59378 0.0179982 -0.00680421 -0.0072163 0
0.502833 11.7794 5.28377 4.29704e-05 0.000104016 -5.64807e-05 1
11.5913 14.0649 0.659502 -0.00100157 0.00830823 -0.00464355 0
3.5161 2.10435 13.7137 -0.000394742 3.07672e-05 -0.00017399 1
6.11415 5.84919 2.89165 0.00171885 -0.0157225 -0.00815625 0
3.57279 10.2701 9.13127 0.000288205 0.000177925 0.000438773 1
8.77573 14.0846 10.8238 -0.00146957 0.00292075 0.00601679 0
3.3128 2.43731 14.3914 -0.000361656 3.42566e-05 7.22046e-05 1
9.67822 7.58434 0.962292 0.00487238 0.000698709 0.000508762 0
10.3145 8.98029 12.4311 0.000504009 -0.000200927 0.000146072 1
9.89916 14.3218 13.5687 -0.00675241 -0.00211817 0.0112756 0
14.5027 2.62168 10.2857 6.86559e-06 -0.000207897 0.000291429 1
8.62314 0.979458 11.0384 -0.000545137 0.00560587 -0.00208622 0
0.712288 6.65086 4.83034 -0.000366903 0.000292026 -0.000163005 1
15.1862 15.387 9.90465 0.000980726 0.00399004 -0.0150659 0
13.8245 7.70152 14.3624 0.00053118 8.87586e-05 -0.000197065 1
15.9269 8.42497 6.29582 0.00434179 -0.00575849 0.00400722 0
6.50677 15.2476 8.36053 -7.0417e-06 -0.000346578 -5.0699e-05 1
14.7295 2.82537 3.40929 0.0141587 0.00264 -0.00714251 0
6.32393 15.2462 15.4733 0.000317175 -7.34106e-05 0.000243865 1
12.3691 4.99177 3.73042 0.000655983 0.0192456 0.00744032 0
13.3667 12.5508 6.03241 7.03322e-05 5.59632e-05 0.000320202 1
0.72278 12.954 2.83545 -0.0194974 0.0090423 -0.00206698 0
6.44383 14.3136 0.00871716 -0.000196556 -0.000341042 0.000816908 1
7.69707 10.145 1.41525 -0.00069915 -0.0039102 -0.0164754 0
6.65025 13.5567 14.4354 0.000293056 0.000172439 -0.00019002 1
15.2801 2.35667 10.9045 -0.0102443 -0.0173117 0.0156624 0
6.84026 5.2209 13.4345 0.000114758 -0.000259309 -5.37842e-05 1
14.4699 13.5459 6.42955 0.0037992 0.00715527 0.00113687 0
3.27143 4.08499 4.73091 2.69535e-05 1.90276e-05 -0.000100702 1
10.1942 5.83042 4.74382 0.00713309 -0.000888335 0.00699776 0
13.1963 8.25086 7.41262 -0.000152871 0.000152881 -3.86755e-05 1
8.73637 8.50644 9.45408 -0.0065084 -0.00520656 -0.000647636 0
3.25685 0.160998 6.99943 -0.000200714 -0.000226488 -0.000136998 1
11.7358 10.2634 6.64401 0.015707 0.00824815 -0.000620006 0
2.00531 5.39121 15.9921 -0.000192787 -0.000118346 -0.000319005 1
12.1746 8.65953 2.36797 -0.00566031 -0.00525131 -0.00555518 0
4.30161 10.0549 7.7101 2.9769e-05 -3.38783e-05 0.000108496 1
10.1262 2.08872 8.95639 0.00369458 0.00425223 -0.00529903 0
2.88257 1.5722 12.8561 -0.000279639 0.000221203 -9.80173e-05 1
0.477407 0.840892 2.29371 -0.00613284 0.00314596 0.0076733 0
6.96553 8.78737 4.99235 0.000172191 -0.000790983 0.000299222 1
6.20365 14.4985 0.279671 0.00269001 -0.00357577 0.0107761 0
13.4927 1.56024 8.94457 0.000111649 6.30839e-06 0.000438917 1
8.51237 8.63919 6.86721 -0.0185406 -0.0128773 -0.00330857 0
12.9408 10.8342 10.0009 0.000100352 -0.000129204 0.000226116 1
8.02691 1.14284 4.99982 0.00226148 0.00795719 -0.00127425 0
2.99032 0.31613 6.25074 -0.000153165 -0.000301321 -8.42026e-05 1
14.9753 6.86247 14.0485 0.0120715 -0.0145594 0.0031773 0
5.33509 10.8401 1.15355 -0.000158554 -0.000290679 -0.000114724 1
15.7052 12.5602 11.7613 -0.00575106 -0.00220397 0.0115404 0
15.846 5.20404 15.0606 0.000110549 -1.27834e-05 9.76063e-05 1
1.65603 8.74173 15.6669 0.00562968 -0.00910404 -0.0017556 0
8.31464 1.18473 9.68852 -0.00031416 2.90513e-05 0.00039949 1
10.0649 8.79644 11.0258 -0.0221195 -0.00192718 -0.00766259 0
11.1327 7.32872 1.47449 -3.00973e-05 0.000186452 0.000486447 1
11.248 6.0042 9.02541 -0.0109079 -0.000529728 -0.0202944 0
3.99275 0.0318268 2.78524 0.000183612 -0.000233897 -3.69937e-05 1
9.81492 3.39035 15.0135 0.00607066 -0.00733146 -0.00720888 0
6.16988 14.981 8.6722 3.13249e-05 0.000343333 0.000177061 1
11.8332 3.46283 10.6294 0.00251882 0.0119768 -0.00680067 0
1.34916 12.9157 13.7811 0.000173258 0.00032365 1.55492e-05 1
7.01958 15.9795 3.67546 0.0028677 0.0219032 0.0032311 0
10.4635 13.093 0.799843 -0.000222895 -0.000439436 -0.00022685 1
3.43296 9.52742 9.53481 -0.000231161 -0.0110126 0.00936614 0
7.89589 4.53171 12.5885 -6.21243e-05 -0.000582101 7.06066e-05 1
4.0667 15.7945 4.6534 -0.00173767 -0.00508106 -0.00705039 0
5.33799 13.8437 14.6439 0.000139435 0.000317184 -0.000100994 1
13.979 10.2496 13.3289 -0.00145504 0.00662254 -0.00700191 0
6.71041 8.00148 12.561 9.04439e-05 0.000100601 -0.000295632 1
9.41978 6.52537 7.50879 -0.0142847 -0.0110319 -0.00394332 0
14.7844 1.79054 8.26319 -6.86359e-06 0.000225258 0.000201289 1
13.2005 7.16362 12.8791 -0.00423292 0.00745695 -0.00601859 0
1.22657 13.9619 13.2502 0.000200959 -0.000131467 0.000147886 1
12.5638 10.1049 5.97133 -0.0140061 -0.00164042 -0.00113497 0
1.24255 13.262 5.58292 0.000153335 1.9203e-05 0.00033639 1
14.1495 5.51445 7.36024 -0.000625516 0.00160517 -0.0102541 0
6.57733 11.5507 6.15557 -8.09993e-05 -0.000101616 -0.000640455 1
11.8674 13.7978 8.52422 0.00575723 -0.00247034 0.00940398 0
6.62625 11.7182 14.1067 -0.000480535 -0.000205782 7.74237e-05 1
9.30596 1.87927 3.3806 -0.00113282 -0.00457898 0.000392098 0
5.3704 11.9903 9.15058 -0.000192482 4.97679e-05 -7.85581e-06 1
12.0573 13.9751 10.8447 0.000130935 0.0202637 -0.00887336 0
8.74668 9.20669 0.354327 -0.000142641 7.16054e-05 3.23516e-05 1
7.93834 14.9306 7.02172 0.00390662 0.000775869 -0.00191615 0
10.8625 12.3684 15.2233 6.7726e-05 0.000311469 0.000125485 1
13.7272 10.7694 6.5379 0.00710459 0.000559874 0.00617117 0
11.7014 11.1564 12.0427 0.000149638 -1.29616e-05 0.000252497 1
3.291 2.04654 4.57849 0.00117711 -0.00586708 -0.0039022 0
7.74934 0.213569 6.55541 -8.44658e-05 -0.000157028 -0.000208415 1
0.677344 7.67911 2.90732 -0.000463379 0.00534351 -0.000379808 0
7.20783 8.21362 15.8275 8.30671e-05 -0.000135351 -1.65415e-05 1
1.1432 11.6518 9.73374 0.00953182 -0.00813416 0.00109677 0
5.59891 14.8688 6.06777 -0.000103755 7.11018e-05 7.31073e-05 1
6.00885 10.087 1.5657 0.0156379 -0.00947507 0.0123533 0
5.60381 10.8403 12.1357 0.000283386 0.000351195 -0.000186 1
10.5802 5.54495 6.28237 -0.0159807 -0.0023711 0.00942277 0
12.3883 13.6419 8.66597 -0.000292155 0.000245762 -0.000187565 1
6.63874 11.3867 6.1807 -0.00505985 -0.0044705 -0.00261436 0
13.8987 11.5902 11.933 0.000240869 0.000338862 0.000484062 1
2.14081 7.10071 7.24046 -0.00278234 -0.00268969 0.00468236 0
10.1889 11.9718 3.60128 0.0003799 2.756e-05 0.000305912 1
7.41902 4.45882 10.4659 0.00362077 -0.00570784 -0.0115504 0
12.5875 12.3784 11.9652 8.0189e-05 -0.000120247 -9.80159e-05 1
7.42828 4.23674 6.66771 -9.35137e-05 0.000445567 0.00933338 0
3.21688 8.22688 11.7805 -8.55535e-05 -0.000171686 0.000440214 1
1.4871 12.0114 12.9759 -0.0130151 0.013557 -0.0221544 0
15.3781 14.2674 13.5868 -0.000248312 -9.22634e-06 -4.51904e-05 1
1.3003 4.97546 0.240147 0.0117472 -0.00921507 -0.00243343 0
0.0855539 15.0139 6.63627 6.54281e-06 -0.000346225 -0.000383752 1
1.11466 10.2011 11.7576 0.000709735 -0.00400517 0.00926158 0
13.8953 6.06667 5.94448 0.000383081 0.000313766 0.000354728 1
7.52477 7.08323 7.91619 0.0057686 -0.00670438 0.00143639 0
15.1872 13.3256 5.79898 4.34886e-06 0.000147931 3.58919e-05 1
0.856198 10.3123 15.5973 -0.00658055 0.00526322 0.00245681 0
6.62159 3.26771 0.676861 0.000175157 0.000521363 -0.000307134 1
15.1622 0.933605 10.9762 0.0022037 -0.0161073 0.011455 0
10.2248 15.2567 14.1064 0.000129856 6.70042e-05 0.000277569 1
10.2724 1.26157 11.8481 0.000306513 0.00439004 -0.00312996 0
3.69254 14.6503 9.86142 -8.66643e-05 -0.000245315 0.000196863 1
9.56789 8.01207 15.6194 0.00715262 -0.0041977 -0.00126744 0
2.00364 3.2096 3.46004 5.65365e-05 0.000378735 0.00020196 1
9.88876 15.0514 12.4034 -0.00728873 0.00462923 0.000459182 0
10.708 14.2704 4.89749 -0.00047207 5.7504e-05 0.000331203 1
6.6476 2.68333 7.59738 -0.00314243 -0.00574519 -0.00231834 0
2.65651 1.83067 0.139109 7.95983e-05 -0.000116504 -9.30774e-05 1
10.1034 3.51602 0.31777 0.0032491 0.00634798 -2.37763e-05 0
15.6053 2.72255 14.3722 -0.000313957 0.000352834 0.000198381 1
2.47402 7.63688 12.5065 -0.00985802 -0.0078144 0.00749014 0
15.7477 6.33068 11.4426 -3.51019e-05 -0.000321531 -0.000201998 1
3.04053 5.55623 8.7513 0.00214955 0.00151014 -0.000873472 0
7.53388 10.4975 8.95377 2.16869e-06 0.000302086 0.000253919 1
1.90517 12.7809 1.97545 0.0187569 -0.00997449 0.00448695 0
14.2386 13.0865 8.16242 0.000215892 0.000403307 2.04066e-05 1
13.9185 6.44565 15.5142 0.00274961 0.000352832 -0.0087011 0
13.6749 2.64472 13.667 -0.000155757 -5.84362e-05 -0.000603371 1
14.4662 9.63167 9.23736 0.00515257 -0.00677692 0.00349159 0
15.022 14.3045 5.39992 -0.000161079 0.000380547 0.000113944 1
5.37985 15.8182 0.414298 -0.00398357 -0.000819553 0.00708474 0
12.028 9.97539 9.60444 0.000586932 -0.000130881 -2.83568e-05 1
3.69944 4.2376 8.88189 -0.0038372 -0.00160453 0.00786598 0
14.7924 12.5737 9.43957 3.21229e-05 0.00035468 0.000201497 1
12.1797 8.19959 11.287 0.0059031 -0.00595603 -0.00046229 0
10.7903 12.2066 0.726672 -4.8875e-05 0.000152515 -0.000283433 1
10.699 7.49626 12.3692 -0.0137625 -0.00144913 -0.00108902 0
14.8545 15.9427 12.7357 0.000167338 0.0001617 -0.00019179 1
5.38193 7.45294 12.3797 0.00101194 -0.00041507 -0.00149343 0
0.887816 9.09477 10.4244 -0.000290609 -0.000334748 6.72932e-05 1
13.6877 13.3441 14.8692 -0.00654301 -0.00258071 0.0179171 0
1.40058 4.52424 6.69685 -9.93248e-05 -0.000287655 -0.000232748 1
4.71627 0.687363 10.1783 0.00545309 0.00490119 -0.00770173 0
9.91357 9.59392 8.1016 -0.000145475 -6.16074e-05 0.000159442 1
5.45064 7.26307 10.8429 0.00973658 -0.00585309 -0.00354039 0
4.45072 2.27619 5.01062 0.000331712 5.78515e-05 7.35373e-06 1
15.7511 15.02 7.23581 -0.00290126 0.00128149 -0.000271926 0
4.36757 5.46315 7.18058 0.00017982 0.000172084 5.89985e-05 1
4.38319 2.82596 4.71647 -0.000334767 -0.00936299 0.00136792 0
11.4737 13.6986 5.70793 -9.57114e-05 0.000235961 -0.000182761 1
4.7806 1.71431 7.04354 -0.00279589 -0.000779701 -0.00127057 0
13.1604 2.77314 7.77324 0.000237129 -0.000175869 7.93806e-05 1
15.2304 2.20737 11.7048 0.0141823 0.00290097 -0.0274181 0
0.723239 3.48663 0.242404 -0.000373039 4.51893e-05 -0.000212476 1
13.922 8.41305 11.1893 -0.0271836 0.0321643 0.00319652 0
1.58018 1.21018 5.78474 0.000191903 -0.000203327 3.9566e-05 1
3.65106 14.343 12.5469 0.0168952 0.00066915 0.0070672 0
13.9696 12.6321 11.9698 -8.52832e-05 8.73817e-05 -0.000370166 1
6.79083 12.6853 0.495843 0.00638843 -0.005377 -0.00684598 0
3.49217 15.8305 9.19118 5.59782e-06 -0.000188542 9.42401e-05 1
14.3661 11.9256 1.22646 -0.000796768 0.00176571 0.00221074 0
13.3529 5.73348 14.6057 -0.000278209 6.18162e-05 -0.000296875 1
2.24628 9.21118 12.1931 0.00492002 -0.00735968 -0.000454341 0
6.73193 9.62653 14.9932 -0.000122347 -0.000188413 -0.00025655 1
10.4492 9.89487 5.31601 -0.0103573 -0.00514069 0.00336134 0
0.705368 11.0929 10.3721 0.000357528 -0.000254474 0.000171228 1
15.0404 0.761003 5.11711 -0.00409817 0.00252545 -0.00430938 0
12.0004 8.50624 8.6041 -1.40497e-05 -0.000176798 -0.000213578 1
4.58604 8.90207 0.469198 -0.00457241 0.000307184 -0.000635031 0
5.08286 15.4986 4.1979 -0.000125455 -0.000116559 0.000208615 1
0.784082 7.41956 6.05805 -0.010882 -0.000221055 -0.00988045 0
0.688713 12.4954 6.37209 -6.22862e-05 -2.87629e-05 0.000222158 1
10.5252 0.123327 15.1095 -0.00249952 -0.0029115 0.00593222 0
6.94033 3.99192 8.75978 -1.01487e-06 -6.03271e-05 0.000119727 1
3.45152 14.1464 8.97282 -0.00144714 -0.0115702 0.0101282 0
3.74186 3.37478 13.715 -0.000246033 0.000299786 -5.55363e-05 1
2.11525 6.12781 9.88543 -0.0003114 -0.000969199 -0.011235 0
4.87079 3.16997 1.05098 -0.00054606 0.000219667 -4.56534e-05 1
7.93236 14.6746 12.4183 -0.00806623 0.00209845 0.00107274 0
11.5884 11.046 5.4485 0.000314933 -0.000221704 -0.000107669 1
1.23434 3.7603 13.2674 0.00464099 0.0035249 -0.00623065 0
4.44308 0.574235 14.8305 -0.000209234 -0.000323875 -8.79452e-05 1
0.143961 13.7076 11.7288 -0.0043176 -0.00903743 0.020567 0
9.05899 0.100725 0.991305 -0.000224907 0.00030149 0.000567836 1
12.0176 2.10121 8.19673 -0.00242582 0.00229199 -0.00562891 0
4.14989 1.40186 1.43799 -0.000162639 0.000201807 -0.000333713 1
4.4816 5.31609 10.6338 -0.000522148 -0.00120199 0.00922474 0
11.1008 8.84375 3.45969 -2.9876e-05 -0.000225906 -0.000158381 1
14.5628 8.75605 11.7442 0.0130412 0.0110105 0.00411088 0
13.2377 9.35777 5.40023 -2.13078e-05 0.000174831 -0.00014573 1
15.6129 5.50519 5.38493 0.00137346 -0.00465178 -0.00407503 0
14.002 12.6484 2.25728 7.08553e-05 2.27375e-05 -0.00022341 1
0.674559 10.5212 8.55158 -0.0213521 0.0216981 -0.00249901 0
8.1139 10.2071 15.7626 0.000290064 0.000354373 -8.12973e-05 1
7.14948 9.94599 10.6419 0.00522576 0.027952 0.000359728 0
4.46298 2.06793 1.593 -1.23842e-05 0.000567425 0.000129955 1
4.04556 7.53633 7.89001 0.00101883 -0.00448693 0.00881249 0
9.63983 8.1861 0.975873 0.000161299 -5.64817e-05 -0.000118134 1
15.4195 2.16913 2.41252 -0.00168755 0.000286253 -0.00195948 0
10.4363 4.01716 10.4066 0.000270039 -5.57052e-05 -7.54852e-05 1
11.2098 1.82257 15.9417 -0.00409621 0.00481585 -0.00820219 0
0.445034 9.96429 12.9081 -0.000237001 0.000286704 -9.32736e-06 1
12.436 10.8103 11.6071 -0.00471372 0.0242128 0.00339199 0
12.8955 9.47217 2.65439 -0.00010349 -5.01532e-05 -1.85649e-05 1
8.73781 13.4416 2.03746 -0.0140882 0.00144153 -0.000979734 0
15.8633 11.6292 12.5567 3.02233e-05 -0.000113028 0.000210618 1
9.84124 9.29472 4.06068 0.00934184 -0.00210035 -0.00445619 0
2.04429 7.078 0.679814 -5.01554e-05 7.05898e-05 0.000148762 1
13.3579 2.038 2.02081 -0.0083841 0.00174405 0.00543183 0
10.3188 4.61113 4.7808 0.000156339 -0.000453419 0.000138937 1
2.38294 1.47411 13.0552 0.00359846 -0.00120614 -0.00297421 0
10.6601 15.8203 3.61144 -0.000104462 -0.000554759 -0.000100684 1
2.20859 1.29343 13.2811 -0.00214541 -0.00283998 -0.00597787 0
5.12039 7.62336 5.0934 -2.79409e-05 -8.18383e-06 0.000270703 1
9.49219 11.1177 5.81571 0.00538567 -0.000675081 -0.010768 0
4.10798 12.866 6.81532 4.25953e-05 0.000259988 0.000155727 1
12.282 4.90964 7.84548 -0.00759776 -0.00456824 -0.0121166 0
8.37715 4.51584 4.76964 6.57998e-05 -0.000180767 0.000215296 1
10.431 13.3093 15.6051 0.00098685 -0.00166487 -0.000578646 0
14.9207 8.37066 4.34932 -1.58568e-05 -0.000375485 0.000366611 1
10.4423 2.44345 15.6445 -0.00826295 -0.0100028 0.0023216 0
5.39732 15.0653 8.47557 0.000235169 4.10286e-05 7.52764e-05 1
15.6072 13.3416 4.86972 -0.00144391 0.00946132 0.023535 0
4.91592 5.92088 8.80724 4.21658e-05 0.000242938 -0.000152308 1
9.27566 5.51758 13.0524 0.000414264 -0.00501527 0.000233241 0
1.82578 15.0568 13.9626 -0.000226362 1.59621e-07 7.56825e-05 1
15.9843 9.78757 9.84165 -0.011731 -0.0140361 -0.0102493 0
11.6868 2.16533 3.16196 -0.000528677 -0.000180688 -0.000135599 1
8.39861 1.76538 13.8947 -0.000573466 -0.00572662 0.00543892 0
9.9194 11.171 3.43861 -5.17904e-05 -9.43111e-05 -2.7312e-05 1
1.54623 1.87184 4.08731 -0.0147945 0.00818692 0.00436204 0
2.37418 2.75345 14.0608 0.00020703 3.90508e-05 0.000245945 1
5.9028 9.82591 8.38318 -0.0233697 0.000534319 0.00768826 0
5.0395 12.6621 14.652 -0.000332993 -0.000239066 -0.000325457 1
3.10281 10.873 5.18708 -0.00326979 0.000188973 0.0039717 0
6.76243 15.9308 0.168144 -3.81159e-05 0.000299647 0.000122097 1
5.45366 13.9953 0.185084 -0.00074325 0.00978299 -0.0079475 0
0.386317 1.86272 2.03345 0.00027582 -0.000310268 -4.5786e-05 1
12.0196 14.4871 13.3542 0.000479844 0.00265849 -0.00182396 0
8.05645 1.09009 3.49076 -0.000146944 0.000170356 -1.38856e-05 1
7.12161 0.228458 3.95441 -0.0032757 -0.00729937 -0.00300574 0
7.65326 0.336601 13.114 -5.34018e-05 0.000131873 0.000114704 1
4.50596 13.4169 8.70405 -0.0125235 0.00629444 0.00832381 0
9.56774 6.16135 13.6765 -0.000200879 -0.000145895 -0.00019359 1
7.62915 0.128524 0.405498 0.00968486 -0.000983565 -0.00727132 0
14.6804 12.4454 13.1575 -0.000122782 0.000216923 1.42994e-05 1
7.18861 5.25632 9.44015 -0.00981148 -0.00656831 0.00570799 0
10.8892 2.65763 0.946207 0.000152619 0.000213974 0.000254675 1
0.731329 14.8709 1.4498 -0.00788395 0.016969 0.000136928 0
6.61939 10.4476 9.27415 0.000257379 1.45433e-05 0.000123926 1
1.82456 7.845 2.68864 -0.00582765 -0.00298938 -0.00967375 0
1.79802 5.31132 12.5071 9.5386e-05 -0.000232029 0.000468741 1
10.3612 13.5033 5.22377 0.00156403 0.00410274 0.00552595 0
10.0914 11.8353 9.79613 -1.79524e-05 0.000190865 -0.000136742 1
11.7455 5.94777 8.37338 0.019848 0.00100267 0.00997189 0
9.09732 0.947712 10.124 0.00024269 0.000438536 -0.000399389 1
2.02586 6.56129 5.69871 -0.00640207 0.0047741 0.0119563 0
15.019 5.59794 3.90031 0.00016939 0.000134831 -0.000259927 1
5.04649 3.58572 1.10582 -0.000586792 -0.00247595 -0.000119314 0
11.1892 5.2888 11.9152 -0.000138545 -9.06325e-05 -0.000302179 1
8.21102 2.10262 7.04644 0.00195457 0.00978886 0.00214423 0
2.9241 5.10487 6.64813 4.03521e-05 7.94651e-05 -4.36485e-05 1
1.4422 5.10793 1.70184 -0.00779876 0.00745321 0.0131953 0
2.00559 4.05697 10.2734 -0.000206811 -0.000417073 -1.25056e-05 1
1.95359 9.42035 5.06508 0.000665527 -0.00374497 -0.00342543 0
4.09118 5.23847 2.63417 -0.000358574 -0.000133075 0.000122776 1
6.15771 6.96423 9.50984 0.00143583 -0.00539983 0.000874546 0
11.569 12.3628 11.4383 -9.19264e-05 1.03643e-05 -6.132e-05 1
5.77734 9.66989 6.18504 0.00387682 -0.00404937 -0.00640492 0
5.32401 8.91874 11.3127 -0.00023918 0.000129804 0.000244377 1
14.1857 13.0505 0.292 0.00667688 0.00219302 -0.00522542 0
5.11605 0.913381 2.20123 8.26926e-05 -0.000246888 -0.000425516 1
14.5924 0.648984 8.20085 0.00157645 -0.00128869 -0.00124626 0
1.34016 6.17461 5.98295 0.000283082 -0.000207892 -0.000102724 1
0.850749 2.95061 15.4557 -0.0143661 0.0117274 0.000995126 0
2.35525 3.30607 5.01168 -0.000189257 0.000387596 -0.000290116 1
0.117273 8.3817 14.7613 0.00310649 0.00360131 0.00652376 0
12.2428 2.29061 10.5234 -0.000146253 1.15039e-05 -4.72405e-05 1
12.6533 14.4451 4.27885 0.0199542 -0.00468264 0.00071877 0
13.9414 12.5617 4.37897 0.000182844 0.000204765 -0.000108654 1
0.84554 10.6919 3.70372 -0.00339748 -0.010613 0.00661667 0
1.34808 10.9221 3.7704 -5.71104e-06 -0.000162455 0.000217377 1
12.8418 15.7926 9.58443 -0.00369662 0.00818361 0.00593856 0
4.91502 13.7549 15.3515 0.000345698 -1.04326e-05 -1.36047e-05 1
3.12803 13.1108 10.8367 -0.00114936 -0.00690944 0.00467626 0
7.63439 12.6879 15.6995 -0.000408679 -0.000561631 -0.000177943 1
11.2863 14.741 2.28377 2.75233e-07 -0.00658265 0.00348276 0
5.217 1.1349 5.59656 -0.000358133 0.000120666 -8.99539e-05 1
11.1252 10.0739 13.8175 0.00055661 0.000849677 0.000936699 0
2.67876 7.40104 0.532187 -0.00029822 -0.000226565 -4.82725e-05 1
1.00311 6.36519 7.62281 -0.00573255 0.00235606 0.0194666 0
6.57029 13.0824 14.3211 -0.000527515 0.000204224 9.84077e-05 1
2.19994 4.4394 0.756264 -0.00308231 0.00836256 0.00576198 0
13.5301 4.15274 0.0268199 -0.000196907 -0.00045404 0.000259892 1
7.71133 13.8028 1.66924 0.0246612 0.00348281 -0.0127783 0
12.046 11.7261 14.0186 0.000191507 0.000179687 -0.000215364 1
11.2845 4.92733 3.88639 -0.00493337 0.00381276 0.00330604 0
11.9896 14.6851 1.72882 -0.000230685 -0.00018794 0.000181464 1
4.38376 10.0159 1.29962 -0.00531744 0.00325238 -0.00470374 0
14.0397 12.3707 10.7454 0.000219621 -0.00011646 6.99574e-06 1
0.601933 12.8951 5.1371 -0.00754956 -0.0190218 0.00694144 0
6.37844 13.8068 4.27374 7.76827e-05 2.65736e-05 0.000269638 1
5.21541 15.2474 1.94653 0.000964051 -0.00458085 -0.00187819 0
3.58248 5.81316 7.01848 -0.000159088 0.000399424 6.04567e-05 1
13.4573 5.43938 11.3502 0.0136952 0.000363117 0.00368674 0
4.53783 5.21991 0.332087 5.16725e-05 -0.000302752 -1.88588e-05 1
11.805 2.2114 7.04504 -0.000303936 0.00317674 0.00345368 0
12.8475 15.6927 9.69532 -8.12766e-05 -9.90393e-07 0.000250142 1
15.249 12.0891 7.11241 0.000718224 0.00340363 -0.00472795 0
13.277 10.4758 6.57889 -5.68246e-05 7.68515e-05 -0.000188341 1
6.41263 12.6808 3.53803 -0.00324646 -0.00156548 0.00596491 0
1.85354 11.2959 8.05903 0.000179368 0.000302503 5.94849e-06 1
9.94983 7.64675 7.68615 0.0130539 -0.00726692 0.0120746 0
8.49738 11.9316 13.2153 -0.000185274 4.63507e-05 0.000107717 1
13.1272 8.99395 10.7684 -0.00533357 0.000525169 0.0185902 0
8.83123 3.86951 6.816 0.000124775 5.03622e-05 1.89631e-05 1
9.02836 14.9568 9.38699 -0.005228 0.0135515 -0.00462517 0
7.54052 7.56049 6.05039 -0.000206374 0.000119489 -0.000601916 1
3.18865 6.61192 1.17152 -0.00507304 -0.000423972 -0.000858723 0
1.39275 3.23372 8.72795 -0.000197275 -0.000332297 5.14001e-05 1
3.69355 13.5962 6.35228 -0.00580356 0.00682705 -8.51294e-05 0
9.12619 9.3043 11.435 -0.000177589 -0.000360577 -8.06344e-05 1
4.53251 1.28228 14.0317 0.00514946 -0.00442858 0.00120232 0
14.2432 1.83853 0.0626447 -0.00030185 1.3809e-05 0.00062602 1
9.27104 0.845221 5.02561 0.00857003 -0.0126386 0.00466483 0
4.18893 9.98808 13.2693 0.000459127 0.000112866 -0.000421949 1
6.901 5.00162 11.6162 0.00304318 -0.000284664 0.00200349 0
8.71275 0.657071 11.917 -0.000390166 -9.37452e-06 -8.62973e-05 1
0.984859 6.22138 9.33385 -0.0092025 -0.00162796 0.00114398 0
3.507 1.80549 9.54272 0.000492427 1.52991e-06 -0.000110017 1
6.06862 1.72532 8.51633 -0.00264599 0.0110067 0.00534434 0
15.3933 8.57072 9.89319 -0.00014036 0.000278408 0.00027171 1
8.17584 6.85986 0.834737 0.00328328 3.26812e-05 -0.00808946 0
2.21339 11.811 13.7114 -0.000252904 0.000169775 -7.96644e-06 1
11.2122 13.6954 6.75356 -0.000639971 0.000279885 0.0220278 0
2.85436 1.73096 13.473 -0.000146921 0.000239472 -0.000358424 1
3.07035 8.89606 9.3309 0.00808774 0.00267489 -0.0061774 0
10.886 4.38624 13.2432 -5.43218e-05 0.000159333 0.000191414 1
1.90968 2.26779 4.58731 0.00102529 0.000108855 -0.00151996 0
14.8578 11.8194 4.9007 0.000115615 -0.000251047 0.00020582 1
3.09169 1.49138 8.51397 -0.000238605 0.000945001 -0.0026074 0
2.79311 11.3192 11.3885 -0.000160466 0.000205687 4.38002e-05 1
1.96644 1.93433 11.5391 -0.00801438 -0.00105121 0.00221612 0
3.9809 6.52592 4.47438 -0.000102467 -0.000155338 9.77192e-05 1
12.9635 4.12329 12.4041 -0.0251373 0.00135559 0.0123223 0
12.8821 2.18992 1.1154 9.91757e-05 0.000200505 -5.73943e-05 1
4.61748 11.5881 13.3706 0.00329753 -0.00367368 -0.00732106 0
1.00977 5.1935 10.7636 3.08395e-05 -0.000121107 -0.00024532 1
4.52962 7.32655 7.60281 0.0222477 -0.00136818 -0.000830922 0
1.82835 4.08563 13.2477 0.000277502 -1.05821e-05 3.59642e-05 1
7.44026 12.6382 6.46767 -0.00540288 -0.0145682 0.0146885 0
15.1006 4.01358 1.60974 9.01977e-05 -0.000328517 0.000369031 1
13.7435 5.55726 10.4664 -0.0137019 0.00514831 0.00062974 0
6.46773 15.8935 13.8972 -6.64983e-05 0.000642272 0.000162217 1
4.56979 8.26849 13.5576 0.006482 0.00520582 -0.00370292 0
2.71585 1.53033 6.7056 -0.000151115 3.32754e-05 -0.000294468 1
1.01938 5.0654 3.52908 -0.00116096 -0.00324253 0.00311721 0
11.8951 8.52508 13.7712 8.18135e-05 -7.74198e-05 0.00024167 1
5.53736 0.556844 11.9601 -0.00164198 -0.00200664 0.0216511 0
11.5071 4.34537 5.0594 -0.000319278 0.000277722 -1.91364e-05 1
10.7196 6.42126 4.75461 -0.00068875 -0.00728396 -0.00955927 0
11.1321 15.1072 15.9274 -0.000290432 -7.52453e-05 -0.000376178 1
7.09202 13.5568 3.30851 0.00217091 0.00214254 0.00164668 0
0.140161 6.11386 4.82895 -0.000137604 -0.000131491 1.5969e-07 1
6.44047 10.1415 9.93757 0.00513254 -0.0105168 -0.00168082 0
1.58831 6.85773 10.0563 0.000317308 -0.000283286 0.000123873 1
14.7629 15.9499 0.50782 -0.0043141 -0.00358516 -0.00946995 0
3.25514 15.2727 14.6963 -0.000333718 -8.49025e-05 -3.2036e-05 1
6.48838 3.8411 10.0822 0.000685576 0.00663544 0.00150287 0
10.4575 4.38381 9.48838 6.73477e-05 -2.47394e-06 -0.000256903 1
3.86015 4.6572 14.7685 -0.0116083 -0.000932912 -0.00789937 0
1.8925 15.2635 13.85 0.00034179 0.000192593 0.000423715 1
0.255731 5.42779 12.7398 -0.00491663 0.00427481 0.00397828 0
14.9429 2.09696 12.7591 -0.000351912 1.34925e-05 0.00037515 1
4.95749 8.20777 13.7187 -0.00814684 -0.00218081 0.00772516 0
7.09785 15.022 4.71989 0.000414627 -3.60079e-05 0.000376993 1
11.0273 13.8064 15.9587 0.00194099 -0.00364003 0.00695594 0
2.53503 0.994516 13.1629 -7.00197e-05 -0.000381767 -0.000191293 1
8.05204 13.412 10.4164 0.00501769 -0.00625566 0.000997025 0
15.573 3.22218 0.152601 0.000423029 -0.000161173 -4.94564e-05 1
13.1304 0.110934 7.30621 0.00412403 0.000158703 0.00273652 0
5.6294 11.2901 8.34541 -0.000380324 0.000150227 0.00029137 1
1.25029 0.747359 0.318796 -0.00722226 -0.00182926 0.00534716 0
4.64405 8.99189 1.79153 -1.9416e-05 0.000461829 0.000289582 1
12.6695 15.7993 4.02889 -0.00452938 0.00174632 0.000646954 0
15.1259 0.915495 14.896 -1.18828e-05 -0.000144857 1.31861e-05 1
14.2422 4.2063 7.57321 -0.00475629 -0.00143926 0.0085883 0
9.40229 13.1293 6.27706 0.000130869 -9.06023e-05 0.000397391 1
5.72121 1.05077 1.1812 0.000315392 0.0106557 -0.00400034 0
5.55439 12.7071 10.0035 -0.00034188 0.000100337 4.602e-05 1
9.12392 9.79396 15.0817 -0.00339647 0.0130936 -0.00671755 0
13.8745 15.2934 3.78741 -0.000180689 -3.54458e-05 -1.79231e-05 1
1.66898 4.7126 1.45821 0.00646158 -0.00604029 0.0072349 0
0.218731 14.3306 0.463192 7.04009e-05 -0.000490305 4.12764e-05 1
12.7343 5.4123 11.2784 -0.00542587 -0.00182614 -0.0059626 0
2.96628 2.91362 8.20626 -0.000129196 0.000305857 0.000227703 1
13.9731 3.91048 7.19474 0.00710527 0.00201429 -0.00429587 0
4.1993 9.29899 11.4908 -0.00022875 -0.000227999 5.77696e-05 1
8.82347 8.21414 11.0323 0.00842783 -0.00607167 -0.00416794 0
1.91224 3.68522 1.70246 -0.00012816 5.88144e-05 -6.81898e-05 1
11.9928 0.768464 15.1839 0.0229553 0.000601787 -0.0159995 0
10.2565 12.5802 6.48169 3.26327e-05 -0.000560289 -1.6009e-05 1
0.109779 7.86071 15.7802 -0.00214717 -0.00496826 -0.00978191 0
6.67871 4.95487 15.0049 0.000225841 8.41351e-05 -0.000174797 1
1.09539 7.74511 3.51821 -0.0033204 0.00388196 0.00121062 0
4.3384 12.1651 11.5586 6.07217e-05 -5.72569e-05 1.7335e-06 1
2.20508 13.8345 13.9236 -0.00146969 -0.0105876 -0.0142185 0
5.73909 4.28451 6.9158 0.000254489 -8.38561e-05 5.27711e-05 1
0.189173 10.3211 2.91527 -0.0010564 0.00555366 -0.00590778 0
13.8594 7.10708 2.19297 -0.000145632 6.87917e-05 6.25185e-05 1
15.7872 14.5756 13.6101 0.0188958 0.0106861 -0.0111759 0
6.89831 9.10797 0.0332866 -0.000525911 -0.000394306 3.32686e-05 1
11.5857 2.78232 8.74072 0.0143485 0.00123467 -0.0042145 0
4.7431 14.8745 1.9936 -1.03238e-05 3.37265e-05 -0.000105088 1
7.13768 8.83963 4.73959 0.00193439 -0.0119331 -0.0124706 0
4.82923 14.3959 10.0543 0.000217216 -1.44538e-05 -0.000127137 1
8.0048 12.2294 4.26244 0.00431819 -0.000784992 0.000907808 0
4.7446 4.2414 6.91226 -1.5799e-06 -0.000208539 4.31141e-05 1
7.81536 8.39622 10.6681 0.00242251 0.00546257 0.000631553 0
11.8763 10.2899 5.05129 -0.000248952 0.000128804 -0.000300879 1
7.10706 14.4036 2.14675 -0.00529838 0.00198636 0.0070238 0
8.11197 9.15487 14.9175 -9.02464e-06 6.29914e-05 -5.40034e-05 1
7.00633 7.4428 12.5945 0.00476482 0.000356899 -0.0224545 0
5.5643 0.346496 1.46879 -0.000110762 8.23e-05 0.000175599 1
8.23799 8.63893 4.08576 0.00208884 0.00360372 -0.00179722 0
1.55165 1.02793 9.48326 -0.000319898 5.62124e-05 6.33426e-05 1
7.39639 12.5401 15.1581 -0.0064107 7.6753e-05 0.00255993 0
14.6219 15.6971 10.5892 -4.23079e-05 0.000167971 0.000126651 1
11.1797 4.9374 0.901175 -0.00177428 0.0158306 -0.00487186 0
15.5649 15.7293 7.90384 0.000100717 0.000139918 8.6614e-05 1
8.028 9.1631 2.18976 0.00664279 0.000787511 -0.000270693 0
5.34334 4.0683 10.0979 0.000450017 8.17945e-05 0.000581423 1
10.1243 8.45033 9.32476 0.00407028 0.0061641 0.00141197 0
3.03139 6.41824 15.1643 0.000148707 -6.31484e-05 -0.000225046 1
8.41351 1.75192 3.24142 0.00158227 0.00130875 0.000716933 0
11.4503 10.9915 14.2893 0.000164578 0.000225773 -0.000261027 1
11.1055 4.87767 12.1506 0.00148912 -0.0124193 0.00186217 0
5.25613 9.63636 5.15769 -0.000499815 0.000126888 0.000246922 1
10.7546 7.94564 15.2136 -0.0117398 -0.00610695 0.00317767 0
3.48397 9.93962 0.769102 0.000159917 -7.67331e-07 -8.19911e-05 1
14.726 15.6345 3.55207 -0.00421888 0.0130503 -0.00167898 0
9.18308 5.61243 13.3235 0.000105079 -4.40636e-06 0.000205506 1
14.8448 2.6194 0.0425174 -0.000109124 -0.0159887 0.00525826 0
15.1567 3.28925 9.81905 -4.83712e-05 -0.000347196 6.34556e-05 1
10.9417 3.03806 8.35141 -0.000940508 0.00147512 0.0100448 0
9.19307 8.23612 8.21209 -0.000125193 -0.000213692 -3.77256e-05 1
7.23982 11.7257 13.4331 0.00219356 -0.00405116 -0.000972773 0
1.99355 5.85381 3.67017 -0.000144147 -0.000290959 -6.20455e-05 1
8.16251 2.23141 6.79089 -0.00143122 -0.00681042 -0.00319558 0
10.9704 3.62071 2.10875 -3.64042e-06 0.000133392 -7.49762e-05 1
3.52894 13.7131 13.0783 -0.0182742 0.00528445 0.00541235 0
7.18798 15.0473 15.2456 -0.000204005 -0.00031187 0.000147934 1
7.56732 13.9919 4.35665 -0.00577768 -0.00571659 0.00534916 0
4.7932 7.32398 1.52933 0.000143304 4.21894e-05 0.000196261 1
2.82058 0.111282 12.9014 -0.0119482 -8.7987e-05 0.00663505 0
1.34289 12.3203 10.0828 -0.000253928 -3.43373e-05 1.66114e-05 1
8.33949 3.39929 12.4996 0.00230206 -0.0050844 0.00230499 0
6.70277 8.23256 11.3436 -4.72103e-05 -0.000212804 9.20443e-05 1
11.6106 12.584 3.88576 -0.00832983 0.0040193 -0.00853422 0
15.7398 5.7729 12.0451 3.68398e-05 -2.35444e-06 -0.000253489 1
9.32152 4.81662 0.526894 0.00178952 0.00899402 -0.00822704 0
14.2558 13.0176 11.4394 -0.000267935 -5.3225e-05 7.18263e-05 1
2.4831 10.0073 0.453918 0.00488115 -0.00713162 0.000475346 0
2.76317 9.95227 14.112 -0.000468333 0.000290326 0.000217556 1
5.50021 0.309861 11.0046 0.00368429 0.00590971 -0.00498766 0
3.19454 12.0085 11.9422 0.000239145 -9.71842e-05 -0.000267789 1
5.6551 7.06321 1.10381 0.0123684 0.0020534 -0.00840523 0
11.218 0.892533 14.5877 -0.000156686 0.000441273 1.88315e-05 1
7.08124 2.10112 4.64497 0.00142953 0.00197795 -0.00810697 0
7.41151 7.78938 14.9587 0.000159187 6.16047e-05 0.000178675 1
7.30145 2.37564 14.8828 -0.00020561 -0.00146863 0.00629318 0
7.49269 13.65 14.9371 -6.15106e-05 -2.38158e-05 -7.62375e-05 1
13.716 5.7249 10.0954 0.0170866 -0.0109646 -0.00297825 0
0.078113 6.60286 1.60711 0.000108873 2.25543e-06 -0.000104529 1
6.53501 3.53075 8.53703 0.0149757 -0.00683411 -0.005533 0
1.65809 11.239 4.79119 -4.54675e-05 0.000251007 -6.82531e-05 1
15.693 10.4129 11.8713 0.00591877 0.00437748 -0.010741 0
1.85171 13.507 2.22858 -0.000227018 5.76336e-06 -0.000127761 1
1.28072 10.7445 11.0351 -0.00380626 0.00308112 0.00369066 0
8.67218 15.4918 2.36472 -0.000123808 0.000254756 -0.000462659 1
15.4469 4.37664 6.39537 0.0052525 -0.000532335 0.000579068 0
11.221 0.23046 0.791419 -0.000398997 0.000247505 -0.000390487 1
15.2663 14.4649 11.4144 0.00537043 0.00695945 -0.00191107 0
3.36323 5.17514 13.1083 7.9647e-05 2.76662e-05 0.000261978 1
3.41426 9.74673 1.34666 -0.00326164 0.00938596 -0.00145843 0
0.500749 1.91137 9.95714 -0.000366168 9.05414e-05 0.000146854 1
8.32171 10.695 13.0449 -0.0015459 -0.00428235 0.00229597 0
1.26527 7.15999 1.63028 2.64936e-05 -2.84192e-05 8.2626e-06 1
15.3552 14.4437 11.138 -0.00909618 -0.002531 -0.00348 0
12.8365 6.16164 6.68567 0.000260088 -3.323e-05 -0.000233369 1
7.24976 13.6121 9.26781 0.00532763 -0.0155985 -0.00889898 0
9.35055 12.7503 5.4552 0.000107226 0.000248662 -0.000128989 1
0.890955 8.86974 9.43891 -0.00132634 0.00201306 0.00625448 0
8.91935 15.6531 12.3708 0.000143891 -7.07395e-05 5.1202e-05 1
2.73558 7.16703 3.36833 0.00450205 0.00141255 0.00546532 0
4.77567 10.7575 5.25977 -0.000109717 -0.00013376 -0.00019515 1
7.94502 4.41983 11.668 -0.00971329 0.00326102 -0.0104393 0
4.57741 11.5647 15.125 -1.35213e-05 0.000183775 3.66996e-05 1
7.3963 13.0999 10.9278 -3.43066e-05 0.00383862 -0.00241889 0
4.50814 4.28028 8.30709 -0.000309279 -7.97851e-05 -0.000109754 1
1.97422 9.33325 11.7501 -0.00633064 -0.00012028 -0.000685373 0
0.607363 11.6581 8.44899 -0.0007134 -3.80625e-05 -5.24748e-05 1
6.14141 13.4182 13.8261 0.000271597 0.0103142 -0.0105467 0
10.6716 3.21094 14.0822 5.42985e-05 -0.00023431 -0.000139219 1
9.97663 10.1873 11.1841 0.0267814 -0.00662042 -0.00224102 0
1.52413 0.439769 6.45756 7.62734e-05 0.000119777 -0.000223684 1
11.5805 8.09467 10.8793 -0.0106184 0.0032124 -0.000743135 0
0.254008 11.6785 14.2199 0.000188069 -0.000161525 -1.81698e-05 1
3.2532 9.06223 10.3741 -0.000679207 0.0032126 -0.00395239 0
2.55225 14.1694 0.160253 -0.000193593 0.000228911 4.34795e-05 1
5.30588 11.5542 8.12291 5.84532e-05 -0.00368632 0.00908754 0
0.250484 5.76148 1.43697 -0.000325761 -5.66739e-05 -9.0425e-05 1
1.63754 3.18034 15.9747 0.0128047 -0.00173678 -0.0140177 0
14.8271 7.73954 5.04916 0.000201335 0.000242728 0.000154509 1
14.2015 11.0832 3.89603 -0.00142513 0.00257904 -0.000151877 0
12.489 5.78627 6.50248 -6.76909e-05 0.00027844 -0.000106617 1
0.744363 2.81336 15.3156 -0.0088633 -0.00846433 0.00517598 0
0.0616287 8.01774 6.1399 -0.000863844 -0.000429583 -0.000225458 1
6.24165 10.6687 3.44961 -0.00213157 0.0100216 0.00240591 0
2.70601 3.00003 0.168884 -0.000615035 -0.000203258 3.1266e-05 1
14.2579 4.58956 5.26276 -0.00289997 -0.00275226 0.00904393 0
8.31493 3.04963 7.39245 -1.80289e-05 0.000210668 -8.83698e-05 1
14.4133 15.0452 10.7669 0.000276731 -0.00671288 0.0232261 0
9.70895 13.5922 8.65928 0.000133193 0.000325558 7.60382e-06 1
1.00051 6.13013 7.09307 0.00122205 -0.00583543 -0.00758553 0
15.4314 11.4864 15.8815 0.000246118 0.000241386 -0.000250173 1
10.7207 11.2257 5.92418 -0.029852 -0.00493235 -0.012107 0
8.06272 0.216365 5.80636 5.47954e-05 7.22348e-05 0.000253768 1
14.2182 7.72158 11.6389 0.0187067 -0.00785126 0.0012312 0
5.03316 1.35058 10.9597 6.65347e-05 0.000330936 -0.000213935 1
1.24431 6.79917 7.07255 0.00894523 -0.0109835 -0.00627279 0
3.80014 15.662 6.18164 0.00018356 -0.000371826 -0.000126743 1
1.50903 2.01756 6.63752 -0.0042226 0.00172314 0.00363677 0
10.752 10.1669 12.8923 -0.000167213 4.04692e-05 4.65114e-05 1
6.6681 11.1682 4.30664 0.0267369 0.00644961 0.0160673 0
14.7144 4.97944 3.34594 0.000135282 0.000167523 0.000506758 1
4.10845 12.7997 10.1212 -0.00198265 -0.00651932 -0.000446977 0
3.08315 9.70227 10.8403 4.29067e-05 4.63353e-05 0.000418246 1
9.31679 15.1765 0.867419 0.000228834 0.00125295 0.00162915 0
8.13383 15.8699 4.2576 7.29799e-05 0.000284244 -6.10342e-05 1
10.3593 11.634 10.1452 -0.0114577 0.000533339 0.00467452 0
7.09887 14.7001 7.04664 0.000269553 5.13703e-05 0.00032667 1
9.32892 15.3504 10.5525 -0.000909292 -0.010994 -0.00427131 0
11.9689 3.33234 3.2834 -0.000390415 -5.14256e-05 -6.16947e-05 1
4.98743 14.1824 12.3918 0.00448921 -0.0029967 -0.00553768 0
2.19711 5.3813 9.38811 0.00012986 -0.000117861 6.63398e-05 1
6.18495 12.563 7.84975 -0.00219495 0.00720695 -0.020911 0
1.2085 9.88581 10.6539 -1.1312e-05 -3.07105e-05 0.000113069 1
13.9631 11.3338 11.4123 -0.0124136 -0.0030823 -0.0021165 0
15.9913 9.95729 6.89616 -9.46361e-05 -0.0003646 0.000181128 1
0.797496 1.56269 0.517175 0.00799819 0.0242051 -0.00360404 0
3.68638 10.9634 15.7107 3.21948e-05 8.40153e-05 0.000162837 1
15.1869 7.78001 11.2536 0.00208525 -0.00695372 0.00890861 0
7.18492 12.7436 8.75359 -0.000208177 0.000172171 0.000285968 1
9.98184 8.65273 11.9637 0.0184369 0.00398926 -0.0163953 0
15.5265 1.79816 4.29667 -0.000271887 -4.41977e-06 0.000294237 1
2.62721 4.41831 1.01834 0.00160275 -0.00195428 -0.0115302 0
14.2605 6.5813 2.32386 -0.000253514 7.87263e-06 0.000128346 1
9.72051 15.7414 13.4355 0.00141763 0.00827139 -0.00556607 0
4.46975 5.58179 14.7709 0.000108555 -6.83191e-05 8.05939e-05 1
0.497318 1.47694 13.6468 0.00212212 0.0107387 -0.013203 0
11.7956 10.0371 7.54722 4.50518e-05 4.91258e-05 2.02851e-05 1
14.523 11.6656 11.7775 0.00807684 -0.010786 0.00511401 0
1.84791 5.21769 3.52667 -9.22262e-05 -2.45734e-06 -0.000168876 1
11.4489 9.93939 15.5306 0.0133355 -0.0165331 0.00331497 0
11.142 10.752 3.85131 9.12683e-05 0.000194804 0.000202983 1
5.05253 7.74805 4.73287 -0.00542913 0.00495723 0.0118735 0
9.72592 6.45361 10.8238 5.64212e-05 -0.000110607 0.000112293 1
1.89623 10.4839 5.44416 0.0126788 -0.0192786 -0.0179983 0
10.1885 15.596 13.2096 -0.000302551 -0.00013961 -4.38899e-05 1
14.8335 8.02478 10.5864 0.0311006 0.00528596 0.00449348 0
4.59238 3.99778 5.70025 0.000301154 -0.000211947 0.000125188 1
9.85931 7.73324 6.214 -0.00281988 0.00802248 -0.0110686 0
15.1123 3.39636 8.32137 0.000446691 -3.94908e-05 -0.000392678 1
13.1012 14.3834 12.542 0.00100639 -0.00520661 0.00868032 0
10.6047 9.44228 6.76294 8.5653e-05 -0.000228162 -0.000151305 1
8.39382 10.4264 12.4548 0.0048512 0.000853632 -0.00970864 0
7.01037 13.0843 8.78918 0.000291271 -0.000178668 -2.38242e-05 1
9.76924 4.08086 6.5193 0.00852893 -0.00264341 -0.00489634 0
1.44869 7.96075 4.20889 0.000373861 0.00014151 -0.000193089 1
14.2612 6.85588 3.15317 0.00111025 -0.0188194 0.00457847 0
8.33966 2.39721 1.04947 0.000441207 0.000388729 0.000101238 1
5.75485 12.9174 6.20034 0.000671503 -0.0119511 -0.00470092 0
4.46691 10.3424 13.9739 0.000306458 0.000306162 0.000455098 1
8.35749 13.9986 0.71995 -0.0121172 0.00158203 0.00914231 0
6.41544 4.75802 10.9079 0.000662324 -0.00013373 0.00014719 1
12.8159 6.64404 4.56165 -0.0147859 0.00394588 0.0124704 0
9.76029 6.1191 4.87215 -0.000204396 -0.000326938 -0.000110976 1
13.6042 12.7627 4.24596 -0.0113241 -0.0039568 -0.00577765 0
7.01867 3.49275 2.08675 -5.09195e-06 0.000188297 -0.000235995 1
7.50976 9.46383 14.1821 0.00748346 -0.000306064 -0.00172876 0
12.5854 0.277146 8.79491 1.7361e-05 0.000269299 -1.99974e-05 1
0.0524337 0.181488 6.67709 -0.00764453 0.00204358 0.00805185 0
14.2161 7.07083 2.28588 -0.000208303 0.000150269 0.000170857 1
10.247 13.6512 11.8006 0.00927153 -0.00291472 -0.00293011 0
8.29283 9.39754 2.78703 -0.000137196 -1.44848e-05 -0.000172767 1
9.5752 9.63137 1.06924 -0.00294295 0.00345878 0.00753362 0
9.77213 4.22881 4.59651 0.000212075 3.98447e-06 0.000326043 1
