# x, y, z, vx, vy, vz, species
13.0637 2.83952 12.4294 0.0481537 0.0079162 0.0126486 0
5.33919 2.2856 10.4146 1.58155e-06 -1.04358e-05 0.000103686 1
15.2106 0.139784 15.8886 0.034428 0.0141059 0.000478629 0
0.740799 15.5782 3.72474 -0.000621696 -0.000224345 1.7877e-05 1
6.25351 15.7683 7.50716 0.0352407 0.0151355 0.0167065 0
15.0746 9.01007 6.16847 -6.06037e-05 -0.000244182 0.000178274 1
9.9095 13.3304 2.93397 0.0420933 0.0168305 0.00758045 0
3.326 9.08602 0.500603 -0.000120975 0.000282913 -3.78618e-05 1
5.93788 14.8316 11.4492 -0.0426783 -0.0304097 -0.0483309 0
13.5138 11.9573 8.63614 0.000126125 1.72365e-05 0.000102946 1
9.43307 4.37508 4.61989 -0.00716647 0.0433813 0.0151185 0
12.6443 9.69594 14.8224 0.00014877 6.07525e-05 0.000158334 1
13.8173 7.4417 1.73796 0.0479831 0.017211 0.0415403 0
4.39778 8.98171 6.12478 0.000246287 0.000201454 -0.000173354 1
4.13927 0.641762 11.5834 0.0269819 0.0545095 0.00677967 0
7.60644 9.01 11.1289 8.02954e-05 -0.000211466 6.08994e-05 1
8.67214 3.59249 15.2892 0.0768094 0.019106 0.0384666 0
4.7309 1.68474 7.30364 8.89602e-05 -0.00029756 -8.62326e-05 1
14.0684 5.57307 1.97262 -0.0475447 0.0734844 0.0129003 0
0.0103556 5.63819 4.87681 0.000215394 -0.000289153 3.41985e-05 1
7.70057 11.3358 4.13743 -0.0196146 0.0697913 -0.00155518 0
6.46204 1.03578 4.06453 5.47182e-05 -0.000259735 0.000183774 1
11.4162 2.30544 15.81 0.00320076 -0.007769 -0.0299805 0
10.8942 8.49782 7.16959 0.000283559 0.000292229 0.000512452 1
1.59363 6.1193 3.80443 0.0708748 0.067902 0.0159454 0
13.0628 12.7737 2.41604 -1.98183e-05 1.26338e-06 0.000463195 1
13.8727 5.03962 3.78686 0.0372177 -0.0706149 0.0424279 0
15.0467 6.36337 8.28517 -0.000156551 0.000226969 0.000117504 1
11.8097 3.09943 8.74669 -0.000269368 -0.0555455 0.036274 0
15.9361 15.4472 8.93235 -0.000378999 6.55551e-05 -2.77907e-05 1
4.26576 11.0106 13.489 0.00923147 0.0159928 -0.0399972 0
5.95835 15.0396 15.5762 0.000154358 -0.000256994 -0.000241687 1
7.84245 7.11482 15.9001 0.0287523 0.0222254 0.0330777 0
11.5381 4.92937 8.68594 0.00030391 4.00852e-05 0.00053096 1
4.07235 9.42327 15.711 0.0174919 -0.0362377 0.0229009 0
10.3171 10.6991 13.8267 -0.00044883 -0.000364077 -7.90943e-07 1
9.16356 12.3708 0.700676 -0.000291064 0.0110268 -0.00202494 0
11.9649 15.2528 5.29714 0.000127984 0.000378634 0.000569143 1
15.8695 1.03974 4.87949 0.060453 -0.0130601 -0.0107868 0
6.30968 13.5106 14.8776 -0.000524957 0.000318985 -0.000274405 1
4.12271 4.72814 5.00925 0.00362936 0.00507671 -0.0038258 0
4.09771 9.78401 1.30424 -0.000157059 -1.46196e-05 -0.000123171 1
14.1748 0.362138 9.28547 0.0107244 -0.0300189 0.0128427 0
15.7074 13.4185 13.7673 -0.000206809 -0.000442528 7.25291e-05 1
5.23757 13.2766 4.32032 0.000664211 0.0156035 -0.00413006 0
6.58057 11.1876 2.21072 -0.000128674 -0.000438869 -0.000270883 1
11.89 3.97978 2.9819 0.0142316 0.0138377 0.0145648 0
14.6426 7.07896 3.83702 -8.17839e-05 0.000131299 3.67859e-05 1
8.54973 10.4811 6.8248 0.038725 -0.00490861 -0.0353591 0
1.46801 1.50909 4.98123 -6.06265e-05 0.000269281 -0.000156899 1
7.38709 10.4686 0.820123 -0.0554333 0.026148 0.0167823 0
9.85807 15.1044 15.1089 0.000437297 0.000212024 9.46974e-05 1
12.9389 10.7836 9.27952 0.0307709 -1.23846e-05 0.00326852 0
13.1278 10.4222 3.30491 9.01576e-05 -0.000142982 -0.000201592 1
5.80361 0.480314 9.93036 -0.0489153 -0.052857 0.021997 0
5.45372 4.17424 7.93422 0.000392334 0.000321626 -0.00023091 1
15.0999 0.604869 6.55996 0.0341506 -0.0128728 -0.0083185 0
9.21876 11.7028 2.04425 0.000401211 -0.00035614 0.000128094 1
13.9323 9.04808 3.76365 -0.00726378 -0.00336873 0.008705 0
8.54774 7.94424 6.23252 -0.000152831 -7.8989e-05 -0.000130587 1
0.902489 15.3702 13.7029 0.0175747 0.000175361 0.015578 0
7.888 1.33755 1.4699 -3.32507e-05 0.000509308 0.000276476 1
3.45097 15.1523 12.5002 0.00901203 0.00929412 0.00182301 0
13.4159 6.81695 3.56327 2.0969e-05 -4.2241e-05 0.000201336 1
2.2788 8.17881 3.73993 -0.0124687 -0.00393489 0.00333614 0
14.5224 9.47459 5.6031 -6.62006e-05 0.00044706 -4.18179e-05 1
5.92527 11.5229 4.26848 0.0217978 0.069583 0.0444153 0
9.14212 11.8573 12.2764 -0.000157357 0.000183663 0.000118839 1
10.9587 3.75436 6.50617 -0.00594391 0.0027537 0.00820879 0
12.8278 15.6463 8.89554 -0.000593881 -3.43986e-07 -3.90465e-05 1
14.796 14.6984 3.89409 -0.013513 -0.0135089 -0.036003 0
4.71085 15.9316 11.154 -9.72862e-05 -0.000194425 0.00031063 1
14.5762 15.266 0.870182 -0.0120551 -0.00370955 -0.00618201 0
10.3473 6.20918 3.66845 -0.000237211 -0.000311976 -0.000187056 1
4.17669 6.92017 0.474091 0.0146763 -0.0551315 -0.0113908 0
2.12746 1.21518 15.0524 -0.000350398 -0.000402581 0.000391766 1
14.6958 1.08163 13.9145 0.00049187 -0.0295065 -0.0264684 0
7.68914 15.7679 6.02644 0.000326608 0.000339951 -0.000133987 1
13.2195 9.17748 0.980531 0.00977759 0.00888723 -0.0025289 0
9.36303 11.6165 12.1101 5.12237e-05 -0.00013616 -0.00032585 1
3.27731 4.0002 4.40397 0.00677299 -0.0131465 -0.00219362 0
13.2938 4.92758 13.0631 -0.000818059 0.000315583 7.92405e-05 1
7.70773 6.76113 12.8005 0.00721834 -0.0236531 0.0457983 0
15.688 9.72967 10.1844 9.01914e-05 4.48819e-05 -0.00017058 1
11.6938 8.86465 7.26481 0.0170091 0.0285971 0.00211911 0
12.748 7.34841 13.4737 0.000431737 -0.000120853 3.19311e-05 1
5.77459 3.64127 9.42939 0.114549 0.0390152 0.0177491 0
6.41038 11.1666 2.87929 0.000553973 0.000383827 -0.000193023 1
13.9641 8.056 15.5888 -0.0151633 -0.0184874 -0.0124518 0
5.56092 0.510249 8.77458 -7.08833e-05 0.000166971 -0.000463448 1
14.3205 2.06936 5.26851 0.00213061 -0.00164401 -0.00691707 0
8.19104 2.50972 6.03692 0.000440373 -0.000212909 1.44193e-05 1
15.6909 8.79265 14.8524 -0.00773059 0.0350754 0.0314352 0
1.00162 2.36494 2.13186 0.000414259 0.000117527 0.00019666 1
11.7834 0.402745 13.7591 -0.0407952 0.00934858 -0.0221136 0
2.91726 9.02137 13.4515 6.96161e-05 -0.000218208 1.27487e-05 1
3.61361 5.50093 7.45498 -0.0341236 -0.0168428 -0.00773539 0
11.7951 8.92634 9.37988 0.000609196 0.00025358 -0.000462758 1
5.20071 14.4041 9.72789 -0.022953 -0.00360988 -0.00581075 0
0.121722 3.60526 5.84849 0.000117435 2.89374e-07 0.00027674 1
1.58535 13.0113 0.953181 0.0563415 0.0196128 0.0222594 0
13.1379 11.4952 8.56349 0.00040069 -1.88814e-05 0.000294247 1
3.33421 15.3865 11.4005 0.0195506 -0.035778 0.00423539 0
12.2888 1.39783 8.09723 0.000420374 0.000121201 -4.90883e-05 1
9.72624 6.04722 6.75016 -0.0439386 -0.0181938 -0.166657 0
1.40725 2.21881 0.0432365 0.000120538 -0.000237197 -9.22196e-06 1
9.76696 12.8026 1.62909 0.000824094 0.0155109 -0.0263862 0
15.8565 3.28108 6.06807 0.000156524 0.00016187 3.83087e-05 1
0.854856 12.473 13.1724 0.011888 -0.0242772 -0.0103991 0
3.77012 10.1362 14.5277 -8.68334e-05 -0.000386563 0.000187433 1
11.0311 7.24291 11.5427 0.00323951 -0.0174209 0.00490912 0
9.2345 5.68597 6.26201 -0.000495416 2.77494e-05 -0.000178274 1
3.64096 8.97466 7.03791 0.00743391 0.0598102 0.0833388 0
14.0558 7.92926 11.8655 -0.000235307 0.000272607 0.000223839 1
12.4881 2.34805 3.45483 0.0224684 0.0288703 0.0346694 0
8.58311 6.06732 7.31232 1.97893e-05 0.000662984 4.69599e-05 1
8.77848 8.16514 6.6703 -0.00579279 0.0838548 0.000140654 0
13.2304 15.3419 5.47946 0.000165985 -0.000324215 -8.03395e-05 1
4.63282 9.91077 14.6355 0.0198428 0.0184363 -0.00105187 0
14.6981 12.643 0.371233 -0.000188205 0.000165612 0.0002917 1
5.97774 0.918197 1.17025 -0.00740739 -0.0456275 -0.0152124 0
5.31532 4.98636 3.63465 9.40504e-05 0.000315346 -0.000365182 1
12.0067 3.21129 12.6143 0.0224246 0.00571309 0.0224282 0
14.7698 7.45302 7.6938 0.000247334 0.000186876 4.249e-05 1
0.57067 14.6246 4.08424 0.0175677 0.0311785 0.0101418 0
3.51991 3.40389 8.24276 -0.000164814 9.39428e-05 8.37774e-07 1
8.72313 13.5372 8.45401 -0.0157838 -0.0347778 0.0144963 0
6.8265 12.7951 5.59537 -0.000215821 -0.000141351 0.000505741 1
6.14137 13.4605 9.44735 0.0359747 0.0156923 0.020659 0
7.70303 7.95039 12.245 0.000579688 -0.00020722 -4.56422e-05 1
1.16916 12.0859 4.3975 -0.0245485 0.00836552 -0.00402671 0
4.0651 3.14016 8.0842 0.000288063 0.000229511 -0.000389248 1
9.03568 14.1049 8.9008 0.00654325 -0.00120705 0.00980709 0
12.9096 15.3999 15.1099 5.26278e-06 -0.00024289 -5.66575e-05 1
5.22259 1.42108 10.129 0.0118275 0.0102176 -0.0044926 0
14.5732 9.99876 5.37279 0.000330609 0.000267094 -0.000101088 1
0.691068 13.1963 5.6286 0.0155152 -0.0108085 0.0326934 0
15.5918 12.4761 1.82834 -0.000120304 -3.99163e-05 2.07484e-05 1
7.64088 3.00237 7.95238 0.00631679 0.00856154 0.0187407 0
3.48652 10.3235 6.74982 -0.000186942 0.000255401 0.00024995 1
13.1847 8.4491 13.083 -0.0101066 -0.0100808 0.00308577 0
11.5233 1.70323 2.2383 3.31099e-05 -0.000205414 -0.00020141 1
11.7178 4.17653 10.1269 -0.00491724 -0.000561999 -0.0147284 0
12.3338 6.75207 5.6623 -7.53387e-05 -4.90942e-05 3.75263e-05 1
1.11997 13.3967 7.00077 -0.0092417 0.0024686 0.0028591 0
6.34767 15.2651 2.15595 0.00012614 -4.98938e-05 -0.000409722 1
8.47826 2.42397 13.4067 0.00365979 -0.0147174 0.0107376 0
5.6197 6.61006 11.2766 -0.000505344 0.000535077 -0.000218164 1
1.23014 1.24579 0.0690264 -0.00255677 0.000522569 -0.00801478 0
8.34233 1.39018 15.3325 0.000135438 0.000273054 0.000178683 1
12.1598 11.5804 10.104 0.000965729 0.000840958 0.0016395 0
0.706978 9.41826 15.9868 3.00921e-05 0.000596304 -0.000271407 1
4.90211 1.857 11.6863 -0.0216775 -0.0111843 -0.00320548 0
11.9242 0.87896 7.28731 0.000305927 9.48169e-05 0.00047786 1
10.1967 5.76036 8.95238 -0.0505817 -0.0298052 -0.0128979 0
6.46571 9.15979 12.8683 -0.000636994 6.20104e-05 0.000456192 1
11.8178 8.22046 6.76544 -0.0156392 -0.0298939 -0.0223922 0
0.0043752 2.96628 6.14947 5.02314e-05 -7.23312e-05 0.000601734 1
4.43354 6.36753 1.50481 0.0289246 -0.00796606 -0.0290855 0
13.6408 11.4484 9.4268 -0.000442516 -5.29232e-05 0.000108588 1
0.432181 1.62445 6.28495 -0.0674491 -0.0162847 0.0370102 0
14.1478 9.61127 14.4592 6.17494e-05 -0.000144736 -3.57332e-05 1
13.4834 3.65747 13.2449 0.0107053 -0.00757102 -0.0117063 0
3.46237 8.2926 9.55235 0.000116484 4.43653e-05 -0.000394097 1
8.38849 7.79857 15.7991 0.0216449 -0.030461 -0.0333023 0
0.561057 14.3167 13.7568 0.000319751 -0.000207631 -0.000523626 1
4.33542 7.93987 0.630277 -0.00393962 0.0685121 -0.0561924 0
4.04015 0.0797668 11.1316 -0.000237101 -0.000166964 3.9133e-05 1
15.2593 1.75106 14.4443 -0.0476051 0.00926409 0.0216764 0
10.5941 8.70448 13.8323 3.38233e-05 0.000403715 4.74936e-05 1
13.5043 3.61516 2.21693 -0.109776 -0.0882231 -0.0774363 0
3.02831 14.106 15.3835 7.53576e-05 -2.38222e-05 0.000241439 1
0.236175 13.3811 3.43833 0.0293244 0.0585836 -0.0617413 0
1.34375 5.22087 8.95675 -0.000180211 -0.000209124 -8.56055e-05 1
0.248532 13.117 2.32363 0.0518213 -0.00736088 0.113807 0
12.0564 12.6195 2.78123 -0.00028048 -0.000137578 0.000129964 1
11.0805 7.74961 0.88368 -0.100678 -0.0530165 -0.0770408 0
1.04603 13.1459 5.94798 -0.00039942 0.000173322 -0.000147815 1
15.9383 2.74567 7.67191 -0.0305854 0.0585737 0.0457192 0
13.4377 12.3655 3.68174 -0.000176343 -2.1681e-05 6.36712e-05 1
13.5939 15.416 12.368 -0.0444149 0.0310009 0.0850887 0
11.9361 3.20975 13.8912 0.000263526 0.000394448 0.000133818 1
7.54481 8.90945 2.77305 0.0204925 0.0759199 0.0647875 0
12.7479 4.71019 14.5932 -9.5312e-05 0.000348204 0.00038368 1
3.88557 8.98607 3.48191 -0.0108883 0.00377956 -0.00963524 0
6.93401 15.7487 2.398 0.000194451 -6.89125e-05 0.000508107 1
6.12781 15.8486 11.6002 -0.036227 0.0461748 -0.00848359 0
2.33697 1.64379 9.13444 0.00022167 -9.52251e-05 -3.42686e-06 1
3.35347 5.53463 12.2477 0.00647465 -0.00186829 -0.0131991 0
15.6362 3.21404 11.092 -0.000329353 2.55209e-05 9.01985e-05 1
1.97511 14.5435 9.5501 -0.0192719 0.0341863 0.0299344 0
15.1585 10.0105 12.534 8.52899e-05 0.000564445 -9.00302e-05 1
11.0633 9.09714 9.44153 0.0505314 0.0902002 -0.0073097 0
9.49637 10.4071 7.66494 0.000379264 0.000237897 -0.000329311 1
7.50258 11.9163 14.1104 0.00784613 0.00936448 0.0201115 0
8.67663 7.89137 1.30133 -0.000302252 -0.000107832 -0.000311021 1
6.82746 3.41953 13.6397 0.0504787 0.00694295 0.0415334 0
12.2864 8.07844 8.69888 0.000218528 9.73329e-05 0.000614847 1
0.547658 6.39092 9.63489 -0.00853264 0.0128907 -0.0166029 0
6.13957 7.45153 13.3779 -0.000184956 -9.79781e-05 0.000254865 1
6.3242 9.64578 10.1089 -0.00520768 0.00863634 -0.00999948 0
6.993 1.5625 6.48397 -0.000163535 0.000422782 0.000363478 1
10.6639 1.54596 10.5461 0.029018 0.0173462 0.000919239 0
6.35055 3.79477 3.75444 0.000395546 0.000234558 -3.4135e-05 1
5.1929 7.19141 10.7443 -0.0109471 -0.00652702 0.0049008 0
4.04175 5.75084 6.06589 0.000119505 0.000283787 -0.00038874 1
8.73974 12.6959 11.4179 0.0742599 0.0455609 -0.0150834 0
0.550632 15.7885 1.96453 0.00034221 0.000124348 -0.000325754 1
2.84537 1.5437 1.69134 -0.00593 0.00248325 0.00914181 0
10.9744 0.279085 5.1703 -0.000122159 0.000111185 2.91413e-05 1
4.06614 8.36848 5.47384 0.000345677 0.00163891 -0.0057994 0
2.59823 3.01222 11.6922 5.84724e-06 -0.000133563 -0.000109436 1
15.4128 4.24109 10.5625 0.0205458 0.0285165 0.00237098 0
12.2967 1.81151 12.7286 3.49612e-05 0.000171478 4.95401e-05 1
15.2499 13.2452 10.666 0.0354575 0.0204827 0.00262233 0
5.09047 13.8634 15.8925 4.53282e-05 1.91432e-05 -0.000134583 1
4.47909 1.64971 10.0536 -0.0327256 -0.0301871 -0.115474 0
13.9015 6.01344 4.74678 -8.70456e-05 0.000266951 -0.000315011 1
9.7408 9.76898 8.76757 -0.044367 -0.0225487 -0.101358 0
7.11318 0.23225 9.39407 0.000249854 -0.000249388 0.00011325 1
12.8471 7.9483 8.60647 0.163086 0.00907515 0.000457993 0
8.78503 11.9503 11.451 -0.000541126 4.6994e-05 0.000326968 1
7.07312 14.2481 1.13755 0.0684557 -0.000615878 0.0348459 0
7.66407 3.11841 2.66242 -0.000288848 0.000551902 0.000118931 1
10.8027 14.789 8.63222 0.0108131 -0.0116619 0.00765472 0
15.6259 13.172 8.35841 -0.00017506 0.000116021 -0.000125645 1
4.84463 12.9031 2.77663 0.0102278 0.0389288 -0.0301757 0
1.79798 0.0422609 10.2136 0.000109957 8.16511e-05 0.000573479 1
12.7822 10.2788 2.90253 0.0230703 -0.0296211 0.00696631 0
4.09106 4.83507 11.7122 6.83822e-05 0.000207599 7.61668e-05 1
12.9584 12.2058 2.29499 -0.00263558 -0.000102349 -0.0262708 0
7.56738 8.56389 2.85251 9.93831e-05 -0.000211591 -0.000287063 1
3.25942 10.2494 4.09714 -0.0144714 0.00942787 -0.0107345 0
9.55175 10.8125 7.08726 -0.000104685 -8.85577e-05 0.000359602 1
0.285667 5.4561 13.0552 -0.0179099 -0.0160648 -0.0183222 0
4.23879 10.3218 9.52808 5.79858e-05 -0.00027522 -0.000390713 1
5.58311 9.9094 7.20162 0.00969318 0.00389155 0.0495266 0
4.33888 9.48136 10.8816 5.44571e-05 -0.000360023 -4.95758e-05 1
3.07041 0.838815 6.20333 -0.0293493 -0.00576387 -0.0132912 0
15.3847 10.1566 12.0767 -0.000180793 -0.000266887 -7.03785e-05 1
6.71955 13.0846 0.061913 -0.00974153 0.0183505 0.00638064 0
10.7432 1.48774 4.11378 -0.000161438 0.000102956 0.000107527 1
9.73188 8.14237 2.56149 0.0112901 0.00466748 0.0262311 0
3.82132 8.1553 13.2051 -0.000359122 -3.90062e-05 8.91124e-05 1
14.0101 2.6102 12.3048 -0.0216796 -0.00154618 -0.0270157 0
6.35471 8.64035 10.0481 -4.75798e-05 0.000454252 9.2621e-05 1
11.446 2.20038 3.43055 0.0101041 0.00385924 -0.0346843 0
9.20433 7.67038 5.01725 0.000187125 6.83206e-05 -0.000234389 1
14.3974 13.3592 5.12615 0.0285006 0.0251552 0.0295606 0
3.72303 1.27709 12.4282 0.000218004 -0.000272939 0.000104328 1
14.9516 13.9919 4.14129 -0.0104748 -0.0248741 -0.0515146 0
9.02797 3.06831 3.39195 -0.000309645 -2.494e-05 0.000395015 1
9.56053 4.39506 6.48769 -0.116854 -0.0771577 -0.103944 0
9.88991 10.1291 3.66048 9.30602e-05 -0.000236873 -0.000200871 1
2.66123 10.4572 13.2949 -0.0307567 -0.0320256 -0.0477225 0
5.67177 8.4053 7.70524 0.000388863 -0.000283288 -8.53568e-05 1
15.3061 3.97262 2.03628 -0.0123969 -0.00851437 -0.0277716 0
3.03899 9.90575 5.17698 0.000359927 0.000253114 9.99674e-05 1
2.86507 0.607972 0.338115 -0.00414427 -0.0458671 -0.0629929 0
4.25632 2.3891 2.03429 -1.63633e-06 0.000134111 -8.73752e-05 1
10.5353 12.9853 9.75825 0.00636576 0.00479525 -0.00251048 0
15.0861 12.9417 1.22335 0.000105565 -4.26112e-05 6.13272e-05 1
4.30554 12.5908 13.2557 0.0555827 -0.0228939 0.0194951 0
14.2268 7.20972 14.118 -0.000341226 -1.26813e-05 -0.00011915 1
0.518796 11.6325 10.3182 -0.0515241 -0.0654706 -0.0594731 0
6.20157 7.39395 15.864 -1.03734e-05 0.000275106 -0.000138867 1
6.51018 8.77447 13.1302 0.0354725 0.0406127 -0.0129282 0
14.3827 12.5197 3.64509 5.31591e-05 -1.772e-07 -4.82848e-05 1
15.3074 7.68428 14.3354 -0.0200479 0.00828663 -0.00845258 0
7.77391 14.7256 8.32978 -0.000234347 9.15185e-05 -0.00025575 1
0.631537 1.73215 9.66201 -0.0107444 0.00097937 0.0117809 0
2.61385 4.38543 14.853 -0.000520049 0.000479224 -1.11701e-05 1
0.153825 15.7823 10.6114 -0.0129868 -0.0350089 -0.00617298 0
10.1778 3.54073 15.6552 7.15861e-05 0.000374261 7.89583e-05 1
2.70666 0.638587 5.03528 -0.0685672 -0.0676743 -0.019236 0
1.73115 10.966 1.46998 0.00040423 0.000130105 7.5313e-06 1
2.54032 5.44425 6.54948 0.0360184 0.0103415 0.0145937 0
2.42313 1.50249 9.23435 -0.000198107 0.000231676 -4.18356e-05 1
2.54412 9.03892 12.9938 0.0016155 0.0310848 0.00280953 0
14.075 10.5223 4.97662 -0.000205487 0.000134144 0.000175611 1
9.62894 10.6415 5.71483 -0.0519514 -0.0945251 -0.0717799 0
13.3233 0.179268 11.9945 2.54013e-05 0.000322633 0.00017166 1
12.3394 13.4669 7.48247 0.0350537 -0.00204698 -0.000801024 0
12.4901 3.47427 2.20427 0.000384564 -9.8601e-05 -8.00973e-05 1
6.16028 6.56098 14.1553 -0.0209294 -0.0117117 0.01764 0
11.2466 0.848542 7.78932 -3.34304e-05 0.000376245 0.000372331 1
0.42991 5.13644 10.1577 0.0281911 -0.0100314 -0.00400716 0
8.32604 5.97722 1.95604 0.000127923 0.000176731 -0.000184746 1
5.96399 1.0767 12.8115 -0.00463046 0.00983672 0.0044669 0
10.1988 7.94069 2.85408 -0.000198403 0.000206448 0.00020494 1
15.1948 3.26239 9.05913 0.00146685 0.039309 0.000153192 0
14.8779 12.5225 0.897136 0.000429577 0.000119699 -0.000110579 1
5.90216 7.29898 7.50309 -0.0147796 -0.0256867 -0.0681385 0
0.799593 14.4603 14.5496 0.000208853 -0.00023526 -6.3043e-05 1
14.7698 7.59563 0.217737 0.00793383 0.00584049 0.00095706 0
6.86197 13.516 4.2906 -2.85803e-05 -9.07698e-05 1.06038e-05 1
0.52922 9.88298 8.52968 -0.0368208 -0.0179441 -0.154121 0
3.78811 11.7182 8.77585 -6.08101e-05 -0.000117662 0.000264079 1
12.6653 9.86381 7.88275 -0.00394269 -0.031959 0.00124044 0
15.1496 15.4773 2.9263 -0.000311439 -3.11231e-05 -0.000200302 1
10.833 8.84444 15.6644 -0.0167713 0.0347022 -0.02097 0
8.78454 9.809 3.61797 0.000286084 0.000245983 -1.36649e-05 1
2.11009 10.618 3.24565 -0.0145635 0.000616885 -0.0215737 0
1.7932 5.69893 15.649 0.000220863 0.000316396 1.01058e-05 1
5.67262 13.9127 8.7444 0.0352566 -0.0537095 -0.00778393 0
4.08562 15.1498 8.96376 -0.000235048 0.000347263 8.51873e-05 1
8.73395 1.47572 5.38292 -0.020527 -0.00537537 -0.0333617 0
7.22596 6.35746 1.49134 -0.000121844 -7.30491e-05 -0.000328373 1
3.14948 1.45741 5.70617 -0.0160317 -0.0189748 -0.0267132 0
3.13596 14.347 8.32786 0.00025764 -0.000447544 0.00048424 1
2.69294 10.0956 5.68427 0.00413317 0.0530575 -0.0251556 0
11.7222 13.1286 5.00844 3.48971e-05 0.000255177 -0.000263208 1
15.8998 7.72912 2.01126 0.004513 0.0129651 0.0076625 0
10.9877 1.48981 0.46866 -0.000203906 0.000135167 -0.00011507 1
6.03506 15.6037 5.35156 0.00678194 0.00269027 -0.00487153 0
15.8097 14.4188 10.4241 7.05047e-05 -0.000166637 -0.000257447 1
13.1118 14.1133 8.41389 -0.000270078 0.0057524 0.00265053 0
6.72238 14.4829 11.8359 3.35536e-05 -0.000291096 0.000134274 1
7.12963 9.50836 11.6162 0.036754 0.0543837 0.0132213 0
5.03762 0.0586082 10.9077 -0.000101307 -0.000262961 8.49056e-05 1
15.8113 1.13714 1.17156 -0.00205492 -0.0187821 -0.00699138 0
1.09469 12.211 6.53371 -0.00014235 5.12557e-05 7.99765e-05 1
3.75486 13.1097 0.799971 0.00241822 0.0491695 -0.0281685 0
6.07121 3.62534 6.10525 -7.20448e-05 -0.000225879 -5.22576e-05 1
12.9201 7.46283 0.299165 0.0242769 -0.0454598 0.00286721 0
13.4326 15.7111 9.9462 0.000113761 0.000255143 0.000458515 1
8.49978 10.2908 7.28668 -0.00206637 0.0376294 0.0244228 0
0.73775 9.07271 4.54302 -1.30876e-05 -0.000189806 0.0001826 1
9.4497 0.697114 14.2145 0.0253459 0.00589166 0.0806362 0
13.4118 4.56294 6.86883 0.000135933 -0.000207196 0.000176203 1
9.13815 10.5452 4.18458 0.0155285 0.0125255 0.0345534 0
0.5227 13.8974 1.03375 2.04002e-05 5.44841e-05 -0.000131394 1
14.5821 7.41011 2.1996 0.00203792 -0.00488019 -0.0025074 0
10.237 10.8212 2.1088 0.000335049 -0.000159272 0.000173369 1
15.5177 4.20645 4.30025 -0.00799331 -0.0130638 0.00374988 0
14.2622 0.0472744 0.638144 -0.000153252 6.51697e-05 0.000190247 1
3.91087 7.64994 6.98898 0.0240583 0.0208322 -0.0166629 0
7.58283 9.4546 8.59289 -0.000553781 8.02249e-05 0.00010519 1
4.53996 7.35805 7.13592 0.00866285 -0.0321992 0.00487377 0
13.0899 8.50583 14.0769 -0.000148565 2.25911e-05 -7.79696e-05 1
10.8427 0.824968 7.33476 0.0104459 -0.00690444 0.00883941 0
4.13147 10.7948 4.74921 6.03297e-05 0.000115593 0.000145799 1
0.016289 11.4765 13.2796 0.00638684 -0.00352272 -0.0067933 0
1.47799 9.54309 8.79312 0.000152441 0.00020308 3.62161e-05 1
5.13338 11.8923 6.5834 0.0125894 -0.0640107 -0.013359 0
8.03497 2.22114 1.85112 4.77289e-05 -9.14013e-05 -6.01514e-05 1
10.2221 11.9822 8.76554 -0.0130764 0.0213679 0.0568821 0
1.3444 6.39141 14.5609 -0.00061008 0.000164039 -0.000116907 1
7.46381 13.0399 1.03816 -0.00973423 -0.0220555 -0.0227869 0
8.6789 13.7849 9.44326 -0.000172537 -0.00030475 -0.000136228 1
7.28826 9.48937 12.2347 0.0312277 0.0532717 0.0407436 0
2.65338 10.3269 0.716976 0.0003247 -0.000499123 4.46593e-05 1
6.07158 0.078068 6.17827 0.0104024 -0.0112036 0.00492286 0
9.28651 8.9554 1.68167 0.000322985 7.33376e-05 -0.00022497 1
1.4673 3.21737 14.8009 0.00368634 0.000979434 0.0156336 0
7.80351 2.07731 13.3643 -0.000241473 -0.000369892 -0.00036378 1
7.66864 7.09289 0.0133212 0.0298586 0.0270383 0.0454602 0
0.492501 15.5329 12.3766 -0.000250699 0.000120739 -2.5235e-06 1
8.71676 2.64683 3.97895 0.044987 0.00214127 0.00267681 0
2.83599 8.11795 10.8396 0.000123186 -0.00011792 0.000130208 1
8.79818 2.69258 9.33341 0.00862918 0.0245634 -0.00659235 0
4.80953 5.21249 12.6844 0.000176017 -6.89774e-05 0.000408579 1
2.31493 13.6564 11.1329 -0.0165608 -0.00555184 -0.0148158 0
0.606232 11.9327 8.78942 -0.00017077 -0.000134703 -5.50458e-06 1
7.44839 0.587639 15.4973 0.00338735 0.0129264 0.00429644 0
7.87139 4.84137 7.86898 4.21696e-05 0.000217639 0.000642732 1
6.78835 9.89486 14.7413 -0.0545217 0.0369322 -0.0413394 0
7.09502 9.63712 9.46224 -3.07691e-05 0.00031862 -2.74005e-05 1
0.0236588 0.609176 15.7328 0.0266527 -0.0583298 -0.0474179 0
4.09491 0.49054 15.5462 -0.000181476 -0.000222077 0.000152588 1
12.3062 14.8523 0.618026 0.00492984 -0.010028 0.008624 0
13.1201 5.33499 11.7323 0.000345961 6.65238e-05 0.000384789 1
15.7522 3.32175 15.9369 -0.0257517 0.0371738 0.00121809 0
0.0892048 14.9938 13.1513 -0.000145364 3.15823e-05 6.19045e-05 1
11.3361 1.68765 6.34595 0.00698481 0.00785877 0.0127388 0
10.1145 9.23452 11.1649 9.99519e-05 0.0001858 6.69424e-05 1
1.89061 13.4302 3.99014 0.0392404 -0.0137585 0.00771067 0
3.3801 13.8133 6.41907 0.000225792 -0.000112931 -0.000179753 1
4.22211 0.329714 9.34715 -0.00118008 -0.00720528 0.00980867 0
12.1528 3.00809 11.5164 -7.75186e-05 0.000268477 -2.48255e-05 1
13.4897 8.81302 10.4207 0.0444515 -0.0394654 0.0439271 0
4.6378 9.01366 1.91982 -0.000165333 0.000111257 5.92854e-05 1
6.32893 2.45753 13.9033 -0.0194051 -0.00707654 -0.0073692 0
1.64243 3.02843 12.5299 -0.000150744 0.000399803 0.000174803 1
14.35 9.32845 7.47092 0.000202278 -0.0127548 -0.00320483 0
9.03943 13.8621 9.14457 -3.97006e-05 -0.000272186 -0.000443747 1
15.0003 10.8423 1.90765 0.0168881 0.00893348 0.00379457 0
4.06576 14.0073 2.92341 -0.00019098 -8.86718e-05 -0.000139704 1
10.8578 15.1317 4.35448 0.00716126 0.0065838 0.00422892 0
13.8474 7.61686 1.77852 -0.00057499 0.000119007 0.000282709 1
0.383549 13.5646 3.48051 0.0769528 -0.0422084 0.124121 0
13.9142 11.6897 10.3649 -0.000203296 0.00017483 0.000147955 1
0.806408 6.2333 14.9858 0.0632439 -0.0322041 -0.010063 0
9.266 1.36666 0.690434 -7.83866e-05 0.000121955 0.000236752 1
12.4121 8.48869 1.61139 -0.025642 -0.039692 0.00765824 0
0.502972 11.78 5.28313 1.12553e-05 6.71705e-05 -7.84137e-05 1
11.5016 14.2957 0.575036 0.0407958 0.0824355 0.017249 0
3.51279 2.1044 13.7121 -0.000437974 -2.41919e-05 -0.000227131 1
6.01661 5.64906 2.72411 -0.00649587 -0.041003 -0.0398196 0
3.57513 10.2716 9.1348 0.000279532 0.00019518 0.000446879 1
8.8137 14.1842 10.8868 0.00673154 0.0166364 0.00416058 0
3.30986 2.43759 14.392 -0.000370851 2.95874e-05 6.08221e-05 1
9.89265 7.66083 0.946258 -0.00960293 -0.00166427 -0.0175816 0
10.3184 8.97868 12.4323 0.000493288 -0.00020465 0.000149235 1
9.88565 14.3311 13.5408 0.0022926 0.0210168 -0.00500201 0
14.5028 2.61995 10.2881 -2.65722e-05 -0.000234227 0.000267374 1
8.61626 0.951844 11.0122 -0.0169734 -0.00914897 -0.0255399 0
0.709378 6.65322 4.82909 -0.000358747 0.000296563 -0.00015444 1
15.1865 15.3365 9.92723 -0.0222743 0.00462695 0.0126513 0
13.8288 7.70221 14.3608 0.00054004 7.87578e-05 -0.000201822 1
0.0042902 8.4663 6.56612 0.0167208 0.0147965 0.0263401 0
6.50676 15.2449 8.36009 3.9825e-06 -0.000353975 -6.03631e-05 1
14.7154 2.81359 3.39093 -0.0195403 0.0151634 -0.0011881 0
6.32644 15.2456 15.4752 0.000310736 -7.31333e-05 0.000235409 1
12.3495 5.0803 3.66766 0.00948653 0.0268894 -0.0270779 0
13.367 12.5512 6.03503 2.72903e-05 4.02865e-05 0.000350973 1
0.259687 13.1709 2.26563 -0.0912817 0.00750896 -0.0794624 0
6.44231 14.3107 0.0151656 -0.000131581 -0.000345512 0.000813932 1
7.7385 9.9655 1.21654 -0.0094185 -0.0582672 -0.052482 0
6.65258 13.5581 14.4339 0.000290009 0.000180691 -0.000189671 1
15.0545 1.90636 10.8132 0.0488547 -0.0719534 -0.0168154 0
6.84116 5.2188 13.4341 0.000114649 -0.000264885 -4.8236e-05 1
14.4778 13.4303 6.36576 -0.0042433 0.00313957 -0.0677685 0
3.27159 4.08504 4.72998 1.70466e-05 -9.27377e-07 -0.00012794 1
10.3155 5.66212 4.8365 0.0271537 -0.0639887 -0.00419966 0
13.195 8.25209 7.41232 -0.000176114 0.000153771 -3.48376e-05 1
8.79596 8.50011 9.6112 0.00723462 -0.0148835 0.0281575 0
3.25534 0.159275 6.99849 -0.000164886 -0.000199009 -8.88697e-05 1
11.7952 10.321 6.68114 -0.000581401 0.0109885 0.0104227 0
2.00393 5.39032 15.9896 -0.000134952 -9.1259e-05 -0.000281021 1
12.1987 8.70094 2.08653 -0.00209186 -0.00486993 -0.0359446 0
4.30186 10.0545 7.71099 2.3691e-05 -6.22969e-05 0.000107802 1
10.4305 2.0352 8.97454 0.0603781 -0.0360866 0.00177942 0
2.88031 1.57393 12.8553 -0.000283709 0.00021552 -9.7911e-05 1
0.129099 0.80779 2.39377 -0.052281 -0.00979 0.0151498 0
6.96686 8.78114 4.99485 0.000150963 -0.000764309 0.000333706 1
6.40903 14.536 0.544345 0.0491156 0.0350879 0.0484311 0
13.4937 1.56019 8.94806 0.000143024 -4.58566e-06 0.000430082 1
8.45699 8.71247 6.92223 0.0190254 0.043073 0.0318714 0
12.9417 10.8332 10.0028 0.000116 -0.000133738 0.000234849 1
8.06229 1.11182 5.00048 -0.0031872 -0.00100902 -0.00292433 0
2.98914 0.313707 6.25018 -0.00013559 -0.00030703 -3.58862e-05 1
15.0138 6.87297 13.9642 -0.000762308 -0.0121225 -0.0211174 0
5.33374 10.8377 1.15266 -0.000179152 -0.000305427 -0.00010292 1
15.49 12.4902 11.6353 -0.0393628 -0.0230823 -0.0369877 0
15.8469 5.20398 15.0613 0.000114568 -6.19154e-06 0.000105673 1
1.53285 8.62473 15.5828 -0.0140651 -0.00393604 -0.0208961 0
8.31213 1.18498 9.69172 -0.000316623 2.8782e-05 0.000400506 1
10.0314 8.7906 11.1673 0.00734033 0.000799137 0.0372192 0
11.1326 7.33038 1.47843 -1.0572e-05 0.00025603 0.000509305 1
11.2372 5.94394 8.9562 0.043475 0.012297 -0.0211244 0
3.99425 0.0298994 2.78501 0.000188559 -0.000249397 -2.42635e-05 1
9.58029 3.23706 14.8519 -0.0846431 -0.0124725 -0.0294892 0
6.17009 14.9837 8.67364 1.80343e-05 0.000341727 0.000185006 1
11.9208 3.57593 10.6094 0.018691 0.0150693 0.0242967 0
1.35051 12.9182 13.7812 0.000166358 0.000314232 -2.04648e-06 1
7.05238 0.0659509 3.70567 0.00918964 0.0197841 0.00208978 0
10.4617 13.0895 0.798022 -0.00021472 -0.00045151 -0.000226597 1
3.39418 9.74164 9.68709 0.0203117 0.0767256 0.0567193 0
7.89533 4.52704 12.5891 -8.23558e-05 -0.000591344 6.71921e-05 1
3.93716 15.7272 4.60816 -0.0711667 -0.0141833 -0.00723168 0
5.3391 13.8463 14.6431 0.000138077 0.000315872 -0.00011024 1
13.9777 10.465 13.2719 -0.00140891 0.0102313 -0.0066542 0
6.71101 8.00217 12.5584 6.01776e-05 5.3374e-05 -0.000313533 1
9.29287 6.5632 7.72382 -0.0340481 -0.0211999 0.0586092 0
14.7843 1.79229 8.2648 -7.66156e-06 0.000220612 0.000215113 1
13.107 7.35447 12.8427 0.00437468 0.0344186 -0.0125487 0
1.22819 13.9608 13.2513 0.000204254 -0.000148791 0.000150419 1
12.5903 9.96868 5.92496 -0.000396772 -0.03191 -0.0119765 0
1.24373 13.2622 5.58559 0.000147381 2.74461e-05 0.000322513 1
14.2164 5.50324 7.32806 0.0206515 -0.000606997 0.0234334 0
6.57659 11.5498 6.15052 -7.38309e-05 -0.000103721 -0.000626536 1
11.987 13.7452 8.52904 0.0158842 -0.0100059 -0.00414162 0
6.62233 11.7165 14.1073 -0.000503261 -0.00022644 7.42066e-05 1
9.34232 1.91482 3.26802 -0.00998675 0.00321297 -0.0349082 0
5.36893 11.9906 9.15059 -0.000174688 4.13588e-06 -1.65617e-07 1
12.1229 14.1618 10.8473 0.0140136 0.0220058 0.00137755 0
8.74537 9.20714 0.354519 -0.000180824 4.11919e-05 1.41994e-05 1
7.97279 14.9245 6.95332 0.00971339 0.00194802 -0.0110139 0
10.863 12.3709 15.2243 5.70061e-05 0.000321442 0.000128422 1
13.8384 10.8511 6.62883 0.0100573 0.0105008 0.0062089 0
11.7025 11.1562 12.0446 0.00014971 -2.37471e-05 0.000237082 1
3.312 1.94303 4.49301 0.0158234 -0.0213142 -0.0140625 0
7.74869 0.212304 6.55373 -7.67558e-05 -0.000161602 -0.000211505 1
0.672185 7.6549 2.84183 -0.00218987 0.00466548 -0.0235625 0
7.20851 8.21257 15.8274 8.55899e-05 -0.000128411 -3.07515e-06 1
1.16065 11.4809 9.59113 -0.0145288 -0.0211318 -0.028935 0
5.59803 14.8693 6.06832 -0.000121637 6.04726e-05 5.87666e-05 1
5.79183 9.60216 1.31747 -0.0370717 -0.0621521 -0.107034 0
5.60609 10.8431 12.1342 0.000287306 0.000349764 -0.000191942 1
10.5452 5.48328 6.50597 0.00875142 0.00910037 0.0363955 0
12.3859 13.6438 8.66451 -0.000297842 0.000249349 -0.000179837 1
6.62721 11.2655 5.93327 0.00503224 -0.0102384 -0.051852 0
13.9006 11.5928 11.9369 0.000221231 0.000333433 0.000478054 1
2.09313 7.15979 7.2521 0.0228353 0.00990431 0.019922 0
10.1919 11.9719 3.60364 0.00036946 1.48455e-05 0.00028605 1
7.36944 4.36747 10.5017 -0.0247747 -0.024402 -0.0162972 0
12.5881 12.3775 11.9645 8.4754e-05 -0.000102008 -8.3927e-05 1
7.3622 4.29673 6.6346 0.000709115 0.0180309 0.0111554 0
3.21619 8.22559 11.7841 -9.90965e-05 -0.00014964 0.000440083 1
1.52953 12.0677 12.8977 0.00230978 0.00169592 -0.003291 0
15.376 14.2672 13.5864 -0.000262067 -2.322e-05 -4.53369e-05 1
1.44911 5.0313 0.317857 -0.0198069 0.00204156 0.0205298 0
0.0855961 15.0112 6.63322 6.56123e-06 -0.000339742 -0.000376436 1
0.893807 9.8532 11.6578 -0.0363999 -0.0589153 -0.0227389 0
13.8984 6.06901 5.94735 0.000388843 0.000268289 0.000362767 1
7.7512 6.97102 7.93354 0.0449338 -0.0382106 -0.0141819 0
15.1875 13.3268 5.7994 5.58486e-05 0.000154879 6.44449e-05 1
0.914333 10.4501 15.6483 0.016405 0.0220846 0.00405163 0
6.6229 3.2719 0.674429 0.000149879 0.000531878 -0.000300978 1
15.0765 0.824398 11.186 0.0322944 0.0122061 0.0839796 0
10.2259 15.2572 14.1086 0.000129065 5.05253e-05 0.000261985 1
10.052 1.20035 11.9158 -0.0660195 -0.0219111 0.00715551 0
3.69185 14.6482 9.86282 -8.32818e-05 -0.00026419 0.000162034 1
9.63052 7.94834 15.6666 -0.00602207 -0.00878365 -0.0118222 0
2.00407 3.21266 3.46163 5.05188e-05 0.000384401 0.000201371 1
9.92913 15.0684 12.3389 -0.000799077 -0.00304697 -0.0109333 0
10.7042 14.2711 4.90028 -0.000483067 0.000110349 0.000341062 1
6.58955 2.68616 7.61808 0.0193329 0.0251317 0.0234915 0
2.65705 1.82981 0.138295 5.22773e-05 -8.16472e-05 -0.000109349 1
10.1785 3.49889 0.300692 -0.00486564 0.0033966 -0.00294161 0
15.6029 2.72547 14.3739 -0.000292343 0.000382304 0.00022152 1
2.30284 7.71461 12.622 -0.0193241 0.0366856 0.0131543 0
15.7474 6.32818 11.441 -2.45556e-05 -0.000295262 -0.000193417 1
2.96573 5.46438 8.69615 -0.00738944 -0.0263311 -0.0225902 0
7.53396 10.4999 8.95585 2.20869e-05 0.000280984 0.000261874 1
1.69725 12.8143 1.99078 -0.109657 0.0190987 0.0110122 0
14.2403 13.0897 8.16254 0.000212755 0.000399988 8.61599e-06 1
13.7931 6.61314 15.636 -0.0563466 0.00627436 0.0440166 0
13.6736 2.64441 13.6621 -0.000167572 -1.67586e-05 -0.000611171 1
14.5781 9.79971 9.4012 0.0227389 0.0509633 0.0131047 0
15.0208 14.3075 5.4009 -0.000152159 0.000373178 0.00013225 1
5.29097 15.9642 0.578088 -0.00712701 0.0468723 0.0490365 0
12.0325 9.97438 9.60399 0.000560284 -0.00012388 -6.61588e-05 1
3.49034 4.39072 8.71217 -0.0569122 0.00962 -0.0539503 0
14.7928 12.5766 9.44123 5.24726e-05 0.000367641 0.000210309 1
12.0533 8.28394 11.1893 0.00284024 -0.000608585 -0.00303193 0
10.7899 12.2078 0.724427 -6.13525e-05 0.000148686 -0.000273633 1
10.8112 7.58991 12.119 0.0500783 0.0326287 -0.0516745 0
14.8558 15.944 12.7343 0.000160516 0.00015747 -0.000192836 1
5.37377 7.44191 12.3995 -0.00440888 -0.00545345 0.00811342 0
0.885502 9.0921 10.4249 -0.000293516 -0.000331399 6.53994e-05 1
13.7468 13.2388 14.9127 0.0299834 -0.0157532 -0.000703948 0
1.39987 4.52203 6.69517 -7.58354e-05 -0.000265957 -0.000184582 1
4.79997 0.793974 10.0024 0.0178579 0.0203768 -0.0232413 0
9.91235 9.59348 8.10285 -0.000169366 -6.6094e-05 0.000151162 1
5.51339 7.11362 10.8446 0.0176018 -0.0202067 0.00357219 0
4.45339 2.27665 5.0105 0.00035226 5.51228e-05 -2.58812e-05 1
15.7199 14.948 7.07975 -0.0133476 -0.0129523 -0.026703 0
4.36896 5.46445 7.18101 0.000156275 0.000152437 3.75456e-05 1
4.41842 2.98451 4.90763 -0.00951482 0.0345028 0.0426342 0
11.473 13.7005 5.7066 -7.73356e-05 0.000259032 -0.00014176 1
4.65137 1.5489 6.96849 -0.0369905 -0.0514923 -0.0166673 0
13.1623 2.77177 7.77384 0.000232703 -0.000169795 7.02046e-05 1
15.2554 2.11194 11.7571 -0.0167613 -0.0398658 -0.0349919 0
0.720248 3.48701 0.240789 -0.000376826 4.64197e-05 -0.000192644 1
13.9355 8.68149 11.6551 -0.0209944 0.00588282 0.0936381 0
1.58172 1.20862 5.78519 0.000216088 -0.000195124 8.08446e-05 1
3.59898 13.9039 12.7837 -0.00789963 -0.0725729 0.0406485 0
13.9686 12.6327 11.967 -0.000175222 8.56138e-05 -0.000348935 1
6.86085 12.7439 0.431612 0.00318736 0.0290169 -0.00538635 0
3.49218 15.829 9.19191 -7.50032e-08 -0.000192495 8.76355e-05 1
14.4076 11.9597 1.27456 0.00686962 0.00518647 -0.0139269 0
13.3507 5.73398 14.6033 -0.000287097 6.63171e-05 -0.000287035 1
2.22495 9.23332 12.1692 -0.00344166 0.00977116 -0.0180364 0
6.73104 9.62496 14.9912 -9.9478e-05 -0.000204776 -0.000227384 1
10.5762 9.92939 5.16224 0.00245008 0.0120548 -0.0235168 0
0.708182 11.0908 10.3734 0.000328704 -0.000278656 0.000135209 1
14.9466 0.784159 4.97734 -0.028448 0.0145332 -0.0444863 0
12.0003 8.5049 8.60241 -6.32636e-06 -0.000160822 -0.00020507 1
4.43298 8.8832 0.541091 -0.0121463 -0.00686874 0.0113024 0
5.08189 15.4977 4.19961 -0.000121972 -0.000114529 0.00021599 1
0.806331 7.25734 6.15005 0.0123865 -0.0400598 0.0162067 0
0.688136 12.4951 6.374 -8.37093e-05 -3.61633e-05 0.000246965 1
10.5312 0.231816 15.2471 -0.00076054 0.0421134 0.0115261 0
6.9404 3.99153 8.76082 1.09866e-06 -4.90762e-05 0.000132413 1
3.38093 13.8932 8.92056 -0.00489624 -0.0459521 -0.00453269 0
3.73985 3.37734 13.7145 -0.000256421 0.000346248 -6.47704e-05 1
2.13445 6.32616 9.92839 -0.00943237 0.0129174 -0.00993393 0
4.86657 3.17166 1.05067 -0.000513725 0.000213489 -3.43261e-05 1
7.82009 14.5252 12.3252 -0.00700093 -0.0271473 -0.000881108 0
11.5909 11.0443 5.44757 0.000319261 -0.00022509 -0.000129168 1
1.35188 3.78663 13.1012 -0.00653576 0.00427535 -0.0368998 0
4.44142 0.571569 14.8297 -0.000209501 -0.000347531 -0.0001007 1
15.9833 13.8504 11.765 -0.028672 0.0412455 0.0161449 0
9.05719 0.10309 0.995808 -0.00021594 0.000284984 0.000565251 1
12.0329 2.11827 8.17622 0.00666278 -0.00708719 -0.00409132 0
4.14843 1.40351 1.43541 -0.000199738 0.000204309 -0.000315975 1
4.55905 5.19348 10.6021 0.042113 -0.00620763 0.00596275 0
11.1006 8.842 3.45843 -3.46027e-05 -0.000209082 -0.000166275 1
14.3589 8.59648 11.6655 -0.0319726 -0.0417788 -0.0231851 0
13.2375 9.35916 5.39908 -2.48279e-05 0.000177944 -0.000141263 1
15.5592 5.4339 5.36343 -0.00891212 -0.0111926 0.00227282 0
14.0026 12.6485 2.25562 5.69982e-05 9.86298e-06 -0.000192081 1
0.407385 10.6571 8.59373 -0.0308358 0.0315865 0.0332343 0
8.11614 10.21 15.762 0.000265889 0.00036658 -6.45875e-05 1
7.0982 9.65133 10.652 -0.0631953 -0.122743 -0.0665321 0
4.46291 2.07246 1.59404 -1.24666e-05 0.000571804 0.000133211 1
4.07655 7.61104 7.9571 0.0208267 0.00907451 0.0238871 0
9.64103 8.18558 0.974929 0.00016934 -5.78885e-05 -0.000109348 1
15.3283 2.16922 2.46232 -0.0108575 -0.0173098 -0.0170588 0
10.4384 4.01674 10.406 0.000262329 -3.73214e-05 -8.40708e-05 1
11.1245 1.83012 15.9146 -0.00881596 -0.000119305 -0.0183054 0
0.443068 9.9665 12.9079 -0.000252965 0.000267562 -3.86151e-05 1
12.4341 10.9947 11.855 -0.00378962 0.0244279 0.0328403 0
12.8947 9.47187 2.65425 -7.86426e-05 -2.94001e-05 -1.87922e-05 1
8.72299 13.508 1.88383 -0.00194934 0.0142488 -0.0341138 0
15.8637 11.6284 12.5584 4.54039e-05 -8.81626e-05 0.000218948 1
9.8516 9.12353 3.95065 -0.0247805 -0.0640681 -0.0429061 0
2.04389 7.07849 0.681003 -5.72941e-05 3.28249e-05 0.000148314 1
13.2977 2.01683 2.00968 -0.0290104 -0.0106718 -0.00787898 0
10.32 4.60754 4.78182 0.000140473 -0.00045533 0.000111717 1
2.38718 1.47995 13.0429 -0.000996025 0.00131236 0.00815548 0
10.6592 15.8158 3.61064 -0.000105067 -0.000543955 -9.65689e-05 1
2.16442 1.2838 13.2523 -0.00695832 -0.000577569 0.005976 0
5.12024 7.62326 5.09551 -2.0757e-05 -1.46796e-05 0.000263617 1
9.13789 11.2366 5.85961 -0.0975759 0.00724426 -0.0092129 0
4.10831 12.8681 6.81663 3.10695e-05 0.000260087 0.000172898 1
12.3537 4.72879 7.63056 0.0109909 -0.0314702 -0.0507894 0
8.37765 4.51444 4.77132 5.39481e-05 -0.000182552 0.000198232 1
10.4731 13.2845 15.5637 0.019825 0.00148598 -0.00882398 0
14.9205 8.36765 4.35224 -1.34613e-05 -0.000375999 0.000363082 1
10.3071 2.34946 15.647 -0.0435921 -0.0115321 -0.0152262 0
5.39915 15.0656 8.47623 0.000216458 4.36364e-05 8.92576e-05 1
0.135662 13.6521 5.17283 0.0937088 -0.0100116 0.0508966 0
4.91633 5.92278 8.80605 5.30279e-05 0.000229104 -0.00014876 1
9.34115 5.53567 13.1212 3.49806e-05 -0.00350504 -0.00784583 0
1.82396 15.0567 13.9632 -0.000228791 -4.08178e-06 7.74215e-05 1
15.7644 9.61711 9.59877 -0.0742073 -0.0556419 -0.0712843 0
11.6827 2.16387 3.16081 -0.00053268 -0.000194488 -0.00015018 1
8.64402 1.67464 14.0498 0.0410495 -0.0607183 0.035011 0
9.91904 11.1703 3.43838 -3.73674e-05 -7.94897e-05 -2.86745e-05 1
1.90299 2.05214 4.6118 0.0836432 -0.00922653 0.106275 0
2.37574 2.75372 14.0626 0.000184687 3.05112e-05 0.000205726 1
5.73928 9.68111 8.39606 -0.043481 -0.0318264 -0.00364101 0
5.03683 12.6601 14.6494 -0.000334411 -0.000248529 -0.000326203 1
2.90006 10.7831 5.12159 -0.0189184 -0.0293672 -0.00443738 0
6.7623 15.9332 0.169072 -4.16266e-05 0.000281004 0.000105909 1
5.51359 14.1743 0.211146 -0.0059629 0.0276343 0.0334963 0
0.388648 1.86018 2.03311 0.000292747 -0.000309881 -4.12165e-05 1
12.0093 14.4903 13.4435 0.00615925 -2.79898e-05 0.0419709 0
8.05533 1.09146 3.49064 -0.000131522 0.000168312 -1.94449e-05 1
7.12255 0.189109 3.92893 0.00500569 0.00362791 -0.00484951 0
7.65281 0.337613 13.1149 -5.96925e-05 0.000122138 0.00011998 1
4.33245 13.3701 8.67005 -0.0137587 -0.0224036 -4.33515e-06 0
9.56614 6.16019 13.675 -0.000201774 -0.000143837 -0.000181178 1
7.53494 0.0458873 0.216522 0.00280646 0.0242987 0.000480218 0
14.6795 12.4472 13.1576 -0.000124682 0.000218545 1.64609e-05 1
7.26585 5.29757 9.41079 0.0170892 0.0158116 0.00787609 0
10.8905 2.65934 0.948164 0.000173067 0.000215193 0.000228303 1
0.684559 14.8796 1.38877 0.010712 -0.00676082 -0.000225526 0
6.62152 10.4477 9.27512 0.00026192 7.41368e-06 0.000120951 1
1.78044 7.6702 2.45975 -0.00663765 -0.0446462 -0.0414581 0
1.79866 5.30947 12.5108 6.02544e-05 -0.000232406 0.000462738 1
10.3964 13.4976 5.2056 0.00325322 -0.00328471 -0.00424071 0
10.0913 11.8368 9.79499 -1.69542e-05 0.000191492 -0.000141077 1
11.7733 5.78335 8.4144 -0.0241527 -0.0279666 -0.00474349 0
9.09929 0.951254 10.1209 0.000244276 0.000436122 -0.000395342 1
1.88119 7.25092 6.24105 -0.0122159 0.153214 0.133389 0
15.0204 5.5989 3.89822 0.000175488 0.000110673 -0.000266361 1
5.03597 3.59816 1.07243 -0.0228611 -0.0116269 -0.0186544 0
11.1881 5.28807 11.9127 -0.000124198 -8.02668e-05 -0.000314473 1
8.18967 2.07798 7.046 -0.00578524 0.00173644 -0.000675141 0
2.92433 5.10551 6.64767 2.29572e-05 6.69619e-05 -8.32114e-05 1
1.31955 5.06525 1.75508 -0.0291538 -0.0208183 0.0302877 0
2.00398 4.05364 10.2733 -0.000197699 -0.000414595 -5.90772e-06 1
1.96481 9.43734 5.07264 0.0151596 -0.00834166 -0.00974603 0
4.08834 5.23738 2.63514 -0.000356028 -0.000140922 0.000118649 1
6.26737 6.99313 9.5723 0.0269686 0.00286856 0.0180548 0
11.5682 12.3628 11.4378 -9.02507e-05 1.03529e-06 -5.37107e-05 1
5.52906 9.42755 5.99471 -0.0329251 -0.0308893 0.00556728 0
5.32214 8.91978 11.3145 -0.000233438 0.000132135 0.000182187 1
14.1731 13.0862 0.271268 -0.00123796 -0.000986115 0.00303488 0
5.11666 0.911401 2.1978 6.51669e-05 -0.000251307 -0.000437004 1
14.757 0.783407 8.16429 0.0458313 0.0346563 -0.0320418 0
1.34226 6.17287 5.98203 0.000234011 -0.00021356 -0.000124784 1
0.830004 3.10244 15.5377 0.00287653 0.021825 -0.00807873 0
2.35373 3.30921 5.00938 -0.000190765 0.000393474 -0.000290276 1
0.116929 8.47592 14.7198 0.00666094 0.0268717 -0.00347796 0
12.2417 2.2907 10.5231 -0.000136598 9.22688e-06 -3.80675e-05 1
12.5756 14.0169 4.22938 -0.00662044 -0.0961467 0.0185769 0
13.9431 12.5636 4.37828 0.000228271 0.00023331 -9.91908e-05 1
0.825515 10.6721 3.73858 0.0210958 0.0304078 0.00356136 0
1.34801 10.9208 3.77215 -2.06271e-05 -0.000185218 0.000218468 1
12.8615 15.5655 9.83768 0.0168314 -0.0624337 0.046108 0
4.91777 13.7548 15.3514 0.00034261 -1.19814e-05 -2.64941e-05 1
3.1398 12.9491 10.8118 0.0117757 -0.00370786 0.000234056 0
7.63119 12.6835 15.6981 -0.000387838 -0.000541083 -0.000157777 1
11.3989 14.7688 2.42876 0.0213995 0.00510259 0.0095991 0
5.21411 1.13594 5.59583 -0.000372642 0.00012794 -9.44257e-05 1
11.1773 10.0914 13.818 0.00418364 0.00493389 -0.00131487 0
2.6765 7.39926 0.531832 -0.000282332 -0.00021342 -4.27141e-05 1
0.858419 6.27145 7.41863 0.00884724 0.0427634 -0.0128947 0
6.5661 13.0841 14.3219 -0.000525523 0.000229258 9.70386e-05 1
1.95471 4.40626 0.852448 -0.057243 -0.0244601 0.0119026 0
13.5285 4.14923 0.0289233 -0.000196582 -0.000423516 0.000264334 1
7.86135 13.8314 1.79761 0.0111692 -0.00326656 0.0376866 0
12.0475 11.7275 14.0169 0.000190142 0.000181577 -0.000221922 1
11.1704 4.88771 3.86423 -0.0298727 -0.00930644 -0.0124334 0
11.9878 14.6835 1.73024 -0.000221414 -0.000202124 0.000180445 1
4.44498 10.0021 1.30412 -0.0003666 -0.0110417 -0.00609414 0
14.0414 12.3698 10.7455 0.000223261 -0.000102179 2.47257e-05 1
0.500912 12.7614 5.36113 0.0387071 0.0769041 0.0588208 0
6.37912 13.807 4.27593 8.54191e-05 3.00141e-05 0.000276207 1
5.26636 15.1433 1.95238 0.0126575 -0.0122803 0.00568119 0
3.5812 5.81635 7.01893 -0.00014836 0.000406709 4.72545e-05 1
13.4938 5.43813 11.4091 -0.002731 0.00576453 0.00331582 0
4.53828 5.2175 0.331909 5.37897e-05 -0.000298917 -2.10224e-05 1
11.7782 2.07511 7.06021 -0.000272519 -0.0134963 0.0143686 0
12.8469 15.6929 9.69721 -9.21882e-05 3.7641e-05 0.000228354 1
15.2317 12.0458 7.14728 -0.00135019 -0.000965827 -0.00708107 0
13.2766 10.4764 6.57741 -4.53436e-05 9.48325e-05 -0.000181771 1
6.4401 12.672 3.51493 0.0343295 0.0166698 0.0202058 0
1.85503 11.2983 8.05908 0.0001692 0.000306378 3.73885e-06 1
10.1254 7.89632 7.94579 0.0218572 0.070308 0.0427886 0
8.49599 11.9321 13.216 -0.000166353 9.92122e-05 6.36084e-05 1
13.2127 9.16501 10.7694 0.0308043 -0.0152014 0.0168563 0
8.8321 3.86979 6.81604 9.21749e-05 1.70471e-05 -7.62568e-06 1
8.7003 14.6914 9.14354 -0.0750042 -0.0790036 -0.058835 0
7.53894 7.56158 6.04566 -0.000183416 0.000163424 -0.000566561 1
2.95281 6.57943 1.18875 -0.0301793 -0.0211407 -0.00200113 0
1.3912 3.23105 8.72833 -0.000192275 -0.00033593 4.45129e-05 1
3.67011 13.5476 6.33632 0.00581641 -0.018432 0.000385748 0
9.1249 9.30134 11.4343 -0.000147786 -0.00036949 -7.30964e-05 1
4.48263 1.23218 13.9891 -0.00807776 0.034663 0.00325278 0
14.2407 1.83854 0.0676988 -0.000339888 -2.31451e-05 0.0006406 1
9.43897 0.902517 5.18397 0.0121819 0.00370415 0.0115091 0
4.19263 9.98909 13.266 0.000476245 0.000149537 -0.000399314 1
7.06288 5.12128 11.9036 0.0137457 0.00757263 0.0338118 0
8.70962 0.65695 11.9162 -0.000390568 -2.26547e-05 -0.000114706 1
0.927291 6.3282 9.62881 -0.0222709 0.020369 0.034889 0
3.51098 1.80549 9.54187 0.00048945 -6.55273e-06 -0.000110385 1
5.66394 2.06624 9.10215 -0.0937574 0.077424 0.15181 0
15.3922 8.57302 9.89521 -0.000154922 0.000289257 0.000237554 1
8.18912 6.69749 0.620049 0.00329262 -0.0431658 -0.0365691 0
2.21142 11.8124 13.7113 -0.000246146 0.000169378 -2.49643e-05 1
11.137 14.0155 7.0818 -0.0322066 0.0281963 0.0302886 0
2.85316 1.73284 13.4701 -0.000151842 0.000235048 -0.000365795 1
3.02717 8.84729 8.92305 0.0243337 -0.0246959 -0.0778308 0
10.8856 4.38759 13.2447 -4.7832e-05 0.000180352 0.000192471 1
1.99362 2.25638 4.33573 0.00982593 -0.0587104 -0.0731166 0
14.8588 11.8173 4.90246 0.000156062 -0.000280993 0.000231956 1
3.09233 1.4792 8.52419 -0.00563001 0.0119695 0.00224317 0
2.79188 11.3209 11.3889 -0.000152246 0.000214239 3.75793e-05 1
1.93231 1.75757 11.53 -0.00252737 -0.0126323 -0.00764978 0
3.98011 6.52474 4.47521 -9.73015e-05 -0.000142568 0.000112722 1
13.0673 4.21437 12.4457 0.00927038 0.00715075 -0.00330964 0
12.8829 2.19155 1.11492 0.000106709 0.00020367 -7.0543e-05 1
4.45313 11.4706 13.2347 -0.0536756 -0.0848697 -0.0188533 0
1.01011 5.19253 10.7618 6.46512e-05 -0.00011994 -0.000234815 1
4.66817 7.3153 7.41883 0.0259036 -0.0294408 -0.0323388 0
1.83054 4.08551 13.248 0.000269214 -2.47113e-05 4.10393e-05 1
7.34987 12.6823 6.48142 -0.0233666 0.0138005 -0.0230133 0
15.1014 4.01094 1.6128 9.33775e-05 -0.000326109 0.000389084 1
13.4489 5.49707 10.3342 -0.0680043 -0.0328662 -0.0271611 0
6.46717 15.8987 13.8986 -7.44786e-05 0.000642405 0.000164926 1
4.61387 8.22014 13.7068 0.0300617 0.00631181 0.0276518 0
2.71465 1.53063 6.70333 -0.000149119 2.02045e-05 -0.000283212 1
1.03634 5.01988 3.54213 -0.00274026 -0.00572175 -0.00358784 0
11.8957 8.52449 13.7732 7.16639e-05 -7.06922e-05 0.000260216 1
5.52594 0.477017 11.9096 0.0328836 -0.00618536 -0.0150191 0
11.5046 4.34762 5.05928 -0.000303749 0.000276846 -6.16411e-06 1
10.6933 6.26025 4.85261 -0.00917138 -0.0352246 0.0247834 0
11.1298 15.1067 15.9245 -0.000289134 -2.67756e-05 -0.000345139 1
7.05861 13.5079 3.30134 -0.046632 -0.0305022 -0.041193 0
0.139112 6.11283 4.82897 -0.000119906 -0.000127637 6.06289e-06 1
6.38806 10.1238 9.93638 0.00482489 0.00412274 -0.0090656 0
1.59087 6.85547 10.0572 0.000318637 -0.000285319 0.000105906 1
14.7613 15.8852 0.49436 0.0161849 -0.0120297 -0.00109125 0
3.2525 15.272 14.6961 -0.000328965 -8.22278e-05 -3.21025e-05 1
6.53975 3.83624 10.2142 0.0260542 0.0233893 0.0121283 0
10.458 4.38375 9.4863 6.26164e-05 -1.89357e-06 -0.000258835 1
3.74708 4.55379 14.6487 -0.0153341 -0.0247797 -0.0311263 0
1.89522 15.265 13.8534 0.000339766 0.00018901 0.000424746 1
0.238745 5.68687 12.8637 0.0133261 0.073702 0.0672388 0
14.9403 2.09712 12.7621 -0.000294838 2.39777e-05 0.000342162 1
4.87841 8.07392 13.9558 0.0144661 -0.00374057 0.0385296 0
7.10115 15.0216 4.72289 0.000405088 -5.53699e-05 0.000367852 1
11.3824 13.6805 0.0106277 0.113941 -0.0257407 0.0151028 0
2.53447 0.991482 13.1613 -7.11184e-05 -0.000383138 -0.000191679 1
7.97829 13.3643 10.5139 -0.0176106 -0.0190798 0.0292177 0
15.5765 3.22087 0.152239 0.000439135 -0.000177577 -4.40211e-05 1
13.1493 0.110697 7.3198 0.00425613 0.0083694 0.0031913 0
5.6264 11.2914 8.3479 -0.000368498 0.000156786 0.000350753 1
1.22061 0.74899 0.315113 -0.00874227 -0.000149975 -0.0107866 0
4.64398 8.99561 1.79387 -2.99366e-06 0.000472053 0.000294277 1
12.6753 15.8012 4.14595 -0.00486971 -0.0265376 0.0129491 0
15.1259 0.914415 14.8963 6.33376e-06 -0.000121405 5.61272e-05 1
14.1324 4.08373 7.60191 -0.0241423 -0.0266385 0.0122467 0
9.40338 13.1286 6.28027 0.000140064 -8.89937e-05 0.000408982 1
5.73498 1.08324 1.09777 -0.00491768 -0.0210763 -0.0174668 0
5.55176 12.708 10.0041 -0.000321628 0.000124682 0.000109149 1
9.11651 9.73877 15.0078 0.0261887 0.00868846 0.0118171 0
13.873 15.2931 3.78725 -0.000185731 -3.40267e-05 -2.46617e-05 1
1.91969 4.93376 1.5891 0.0638619 0.0214353 0.00821246 0
0.219315 14.3267 0.463542 6.96906e-05 -0.000493232 4.55397e-05 1
12.7298 5.41328 11.3156 0.0159852 0.0196257 0.024689 0
2.96526 2.91604 8.20811 -0.000134203 0.000299919 0.000226959 1
14.1043 3.95867 7.08177 0.0295562 0.0160767 -0.0426082 0
4.19754 9.29714 11.4914 -0.000219769 -0.000227634 6.80335e-05 1
8.49477 7.81948 10.7524 -0.114108 -0.109257 -0.0673533 0
1.91112 3.68561 1.70178 -0.000153829 4.70103e-05 -0.000103172 1
12.1048 0.780352 15.215 0.00565434 0.0003847 -0.0162026 0
10.2568 12.5758 6.48175 5.19709e-05 -0.000538134 2.30034e-05 1
15.9703 7.83987 15.863 -0.0145144 0.00771611 0.00266194 0
6.68053 4.95552 15.0035 0.000229034 7.85359e-05 -0.000158896 1
1.04385 7.7038 3.5253 -0.00832498 -0.0103921 0.00521812 0
4.33886 12.1648 11.5585 4.56677e-05 -4.38195e-05 -2.80492e-05 1
2.02172 13.7165 13.767 -0.0164419 -0.0282013 -0.0178604 0
5.74114 4.28381 6.91621 0.000256831 -9.57922e-05 3.87672e-05 1
0.147731 10.4496 2.89789 0.00551964 0.025849 -0.00492538 0
13.8581 7.10758 2.19343 -0.000176687 6.85044e-05 4.74616e-05 1
15.8779 14.6229 13.3772 0.00649092 0.0017818 -0.0474782 0
6.89417 9.10485 0.0335328 -0.000504565 -0.00038039 3.00609e-05 1
11.7024 2.59852 8.77742 0.0098778 -0.0498277 0.0307456 0
4.74299 14.8747 1.99276 -1.71457e-05 3.51653e-05 -0.000108714 1
7.21206 8.59685 4.46448 0.0493558 -0.0232716 -0.0442684 0
4.83098 14.3957 10.0533 0.000219724 -1.43712e-05 -0.000122108 1
8.04155 12.1961 4.25147 0.0210417 -0.021262 0.0046068 0
4.74466 4.23971 6.91263 1.38051e-05 -0.000213526 4.46085e-05 1
7.57912 8.5182 10.7074 -0.0716078 -0.0244926 0.00693309 0
11.8743 10.291 5.04884 -0.00024033 0.000138483 -0.000317369 1
7.11816 14.315 2.28484 -0.00477985 0.0103852 0.00961505 0
8.11183 9.15547 14.917 -2.18341e-05 9.00326e-05 -4.78957e-05 1
7.36886 7.83631 12.7457 0.0733243 0.108907 0.00753508 0
5.5635 0.347093 1.47027 -9.34946e-05 6.54098e-05 0.000164398 1
8.06062 8.67868 4.01868 -0.0741658 0.021893 0.00172798 0
1.54915 1.02836 9.4838 -0.000306668 4.26818e-05 7.06163e-05 1
7.32766 12.5574 15.2232 -0.00707629 -0.00448288 0.00181168 0
14.6215 15.6985 10.5903 -4.93567e-05 0.000189628 0.000136867 1
11.1005 4.99152 0.930803 -0.00118394 0.00949675 0.0247356 0
15.5657 15.7304 7.90456 8.50665e-05 0.000141111 9.5448e-05 1
8.03792 9.17276 2.16732 0.0102092 -0.013938 -0.00790607 0
5.34695 4.06895 10.1024 0.000448527 7.86126e-05 0.000523608 1
10.0535 8.42981 9.33701 -0.0214801 -0.0172078 -0.00194571 0
3.03257 6.41777 15.1625 0.000140309 -5.64687e-05 -0.000218567 1
8.44659 1.72248 3.07322 -0.00736189 -0.00647487 -0.032635 0
11.4516 10.9933 14.2872 0.000162149 0.000229916 -0.000264072 1
11.0631 4.88269 12.2761 -0.0248388 -0.0201334 0.0226943 0
5.25221 9.63733 5.15963 -0.000483174 0.000106533 0.000236216 1
10.6642 7.74111 15.0322 -0.0457508 -0.0583233 -0.0575973 0
3.48526 9.93963 0.768456 0.000151742 -8.00678e-06 -8.81348e-05 1
14.6721 15.5968 3.44007 -0.00919788 -0.0284494 -0.0297688 0
9.18388 5.61236 13.3251 0.000105167 -5.95141e-06 0.000210076 1
14.7731 2.46574 0.0855479 0.0147062 0.0085179 0.0234524 0
15.1563 3.28639 9.81956 -8.20681e-05 -0.000374432 3.49551e-05 1
10.9231 3.20418 8.37089 -0.00691364 0.0610546 -0.0138215 0
9.19208 8.23433 8.2117 -0.00011563 -0.000230433 -5.01668e-05 1
7.18627 11.7201 13.5148 -0.0164889 -0.00676384 0.0190984 0
1.99212 5.85123 3.66947 -0.000216446 -0.000360799 -0.000121986 1
8.12121 2.07509 6.80802 -0.00841365 -0.0146938 0.000659018 0
10.9704 3.62178 2.10813 -1.21532e-05 0.000132155 -7.86857e-05 1
3.40261 13.6444 13.0975 -0.0226214 -0.000149671 -0.0136571 0
7.18636 15.0448 15.2468 -0.000203738 -0.000318549 0.000143197 1
7.51717 13.9718 4.55272 -0.00323626 0.00503481 0.0352238 0
4.79431 7.32423 1.53075 0.000114223 1.18042e-05 0.000151679 1
2.73972 0.0190563 12.8522 -0.0142435 -0.0184427 -0.0165686 0
1.34087 12.3201 10.083 -0.000230625 -1.34371e-05 4.31466e-05 1
8.45662 3.45874 12.584 0.0674169 0.0217386 0.0387047 0
6.70225 8.2307 11.3443 -9.63767e-05 -0.000244308 3.27196e-05 1
11.2704 12.734 3.8774 -0.0616658 0.0215867 0.00880271 0
15.7402 5.77293 12.0431 5.89763e-05 2.04495e-05 -0.000225106 1
9.41333 4.72367 0.463807 0.0478859 -0.025442 0.0156323 0
14.2536 13.0172 11.4401 -0.000282425 -7.41481e-05 0.000102841 1
2.4457 10.0541 0.396299 0.00120641 0.0160135 -0.00343335 0
2.75952 9.95458 14.1138 -0.000442987 0.000284699 0.000218913 1
5.4528 0.534269 11.0305 -0.035622 0.0461981 0.0104758 0
3.19649 12.0077 11.94 0.000243934 -9.78806e-05 -0.000268047 1
5.6117 7.0543 1.02772 0.00900483 0.0151442 0.0214028 0
11.2167 0.896212 14.5878 -0.000174756 0.000478268 2.28766e-05 1
7.20597 2.21553 4.67835 0.00721842 0.000718216 0.0041116 0
7.4128 7.78984 14.9601 0.00016275 5.56537e-05 0.000187014 1
7.06245 2.29503 14.9184 -0.0583166 -0.00902342 -0.0028164 0
7.49227 13.6499 14.9365 -4.83692e-05 -1.16607e-05 -7.2943e-05 1
13.6749 5.51311 9.92342 -0.0555704 -0.0705559 -0.042724 0
0.0790037 6.60286 1.60626 0.000109266 6.44261e-07 -0.000107617 1
6.39848 3.4987 8.47144 -0.0337033 0.0450486 -0.000329308 0
1.65772 11.2408 4.79071 -5.16663e-05 0.000223146 -5.33271e-05 1
15.7167 10.5049 12.014 0.0158247 0.0154432 0.0407219 0
1.84995 13.507 2.22755 -0.000215416 9.86163e-06 -0.000129239 1
1.38583 10.9051 11.1248 0.00300663 0.0194346 -0.0324948 0
8.67117 15.4939 2.36098 -0.000120315 0.000252219 -0.000466771 1
15.539 4.38826 6.30818 0.0161865 -0.00615353 -0.00937622 0
11.2178 0.232469 0.78829 -0.000399022 0.00025703 -0.000388733 1
15.3299 14.4958 11.4392 -0.000207944 0.00518231 0.011147 0
3.36372 5.17524 13.1102 3.0975e-05 -1.29993e-05 0.000215223 1
3.34993 9.78266 1.41778 0.00950866 0.0220105 0.0214345 0
0.497834 1.91211 9.95831 -0.00035329 8.34623e-05 0.000139108 1
8.45086 10.6402 13.2747 0.0422064 -0.00161174 0.0780705 0
1.26549 7.15975 1.63032 2.41878e-05 -4.09486e-05 -3.86895e-06 1
15.2996 14.4101 11.1392 -0.0154516 -0.0026305 0.00860037 0
12.8385 6.16142 6.68378 0.000250604 -2.24225e-05 -0.000239607 1
7.40655 13.7763 9.31215 -0.0194999 0.0298807 -0.0199854 0
9.35138 12.7522 5.45412 0.000100961 0.000232066 -0.000143795 1
0.88533 8.91975 9.58097 0.00724598 0.00212541 0.014478 0
8.92052 15.6525 12.3712 0.000145621 -8.16828e-05 4.22493e-05 1
2.71054 7.27921 3.5179 0.0184249 0.0280279 0.0419948 0
4.7748 10.7564 5.2582 -0.000102185 -0.000131549 -0.000202819 1
7.98895 4.47876 11.6304 0.00932496 -0.00430045 -0.00291988 0
4.57731 11.5661 15.1253 -9.36625e-06 0.000186227 3.79133e-05 1
7.43904 13.2398 10.9481 0.00225296 0.00800179 0.0353856 0
4.5058 4.27969 8.30628 -0.000275545 -6.49257e-05 -9.65905e-05 1
1.87686 9.40246 11.6695 -0.0127097 0.0160155 -0.0245369 0
0.601657 11.6578 8.44853 -0.000721508 -6.15608e-05 -6.49199e-05 1
6.19169 13.6193 13.9366 -0.00359815 0.0231172 0.0419131 0
10.672 3.20897 14.0811 6.94761e-05 -0.00027168 -0.000128019 1
9.86725 9.71301 10.9128 -0.0268953 -0.0788236 -0.0535577 0
1.5248 0.440662 6.45578 8.96423e-05 9.63583e-05 -0.000216409 1
11.5571 8.40818 10.7647 0.0447414 0.0580219 0.0180247 0
0.255555 11.6771 14.2197 0.00019238 -0.000176472 -3.0108e-05 1
3.28436 8.96739 10.3694 0.0079742 -0.0295916 -0.0219636 0
2.55073 14.1712 0.160618 -0.000194788 0.000227107 3.99784e-05 1
5.34498 11.6274 8.31302 -0.00154482 -0.000693459 0.00265859 0
0.247889 5.76097 1.43625 -0.000320754 -7.36666e-05 -8.1414e-05 1
1.69293 3.12317 15.858 -0.00483972 -0.0242331 -0.0312465 0
14.8286 7.74147 5.05035 0.000197647 0.000238655 0.000140451 1
14.4988 11.0867 3.88437 0.11389 0.00922381 0.000914517 0
12.4884 5.78856 6.50162 -7.98332e-05 0.000299013 -0.000107307 1
0.829888 2.83666 15.6006 0.0221366 0.0104648 0.036796 0
0.0546418 8.01425 6.13794 -0.000880986 -0.000455589 -0.000252474 1
5.96943 10.6464 3.50624 -0.02939 0.0114992 0.0150619 0
2.70101 2.9985 0.169129 -0.000632392 -0.000174574 3.22962e-05 1
14.2534 4.54723 5.40456 0.00837799 0.00106985 0.0190496 0
8.31475 3.05129 7.39185 -3.19516e-05 0.000197787 -6.8556e-05 1
14.3931 14.7975 10.6661 -0.0407805 -0.0377815 -0.0285777 0
9.71008 13.5948 8.65938 0.000156009 0.00033339 1.6933e-05 1
1.02481 6.36115 6.88907 0.0376115 0.110992 0.0133728 0
15.4334 11.4883 15.8795 0.00024908 0.000241318 -0.000250819 1
10.9508 11.1183 5.80711 0.0219341 -0.0264639 -0.0052887 0
8.06311 0.216966 5.80845 5.48774e-05 7.50673e-05 0.000263434 1
14.4031 7.68782 11.5427 0.0139558 0.03066 0.0425679 0
5.03389 1.35335 10.958 0.000132098 0.00035951 -0.000204731 1
1.33448 6.60823 6.93774 0.00900521 -0.0879174 -0.0248786 0
3.80166 15.659 6.18066 0.000196677 -0.000361881 -0.000108743 1
1.56114 1.99857 6.63514 -0.00374638 -0.00199675 0.00846715 0
10.7506 10.1673 12.8927 -0.000167566 4.82006e-05 4.80482e-05 1
6.60678 11.0574 4.49357 0.0205375 -0.0413873 0.0798223 0
14.7154 4.98066 3.35003 0.000125252 0.000146834 0.00051457 1
4.15939 12.8345 10.2569 0.00575045 0.00877143 0.00549973 0
3.08358 9.70272 10.8436 5.70187e-05 5.6318e-05 0.000427925 1
9.36072 15.1935 0.851788 -0.00672509 0.00721301 -0.00698986 0
8.13443 15.8722 4.25708 7.91927e-05 0.000287268 -7.0646e-05 1
10.2873 11.6526 10.1809 -0.0132049 0.00036054 0.00193078 0
7.1011 14.7005 7.04931 0.00028963 6.01426e-05 0.000341867 1
9.3373 15.336 10.5536 -0.00914605 0.003083 0.00170128 0
11.9658 3.33185 3.28284 -0.000386685 -5.71285e-05 -8.50812e-05 1
4.96598 14.1389 12.2963 0.000529267 -0.0133429 -0.00842583 0
2.19814 5.3803 9.38853 0.000120292 -0.00013248 4.1352e-05 1
6.167 12.7432 8.03566 -0.0199059 0.0438834 0.048549 0
1.20832 9.88542 10.655 -3.79536e-05 -4.45377e-05 0.000129517 1
14.0342 11.4201 11.428 0.00571609 -0.00366974 -0.00367389 0
15.9906 9.95438 6.89757 -8.93949e-05 -0.000363431 0.000172143 1
0.872378 1.83099 0.432211 0.0315596 0.0318533 -0.0188467 0
3.68666 10.9641 15.712 3.53668e-05 0.000101487 0.000159238 1
14.846 7.89741 11.4425 -0.125772 0.0234592 0.0120935 0
7.18344 12.7449 8.75585 -0.000131605 0.000192389 0.000282495 1
10.1215 8.70406 11.9186 0.0194237 0.0125334 -0.00733073 0
15.5243 1.79808 4.29898 -0.000303817 -3.42966e-05 0.000261012 1
2.77956 4.21766 0.722355 0.0389584 -0.0479986 -0.0540428 0
14.2584 6.5813 2.32486 -0.000280627 5.53573e-06 0.000114793 1
9.6734 15.7076 13.349 -0.0180007 -0.00650759 0.0147093 0
4.47068 5.5813 14.7715 0.000118938 -5.80504e-05 8.99384e-05 1
0.454522 1.4902 13.5981 -0.00569312 -0.00237085 0.0164555 0
11.7959 10.0376 7.54736 4.53822e-05 6.06157e-05 1.83027e-05 1
14.5299 11.6154 11.7952 0.0287451 -0.000469007 0.0147123 0
1.84707 5.21758 3.52525 -0.00012045 -3.02221e-05 -0.000188631 1
11.5168 9.87043 15.4431 -0.0175664 0.00436614 -0.00909424 0
11.1427 10.7536 3.85293 9.292e-05 0.000203301 0.000209358 1
4.87614 7.86049 4.8613 -0.0180562 0.0163419 0.0171689 0
9.72638 6.45272 10.8247 6.75664e-05 -0.000108528 0.000111417 1
1.84038 10.2895 4.9948 -0.00344527 -0.0400336 -0.112599 0
10.1862 15.595 13.2092 -0.000285111 -0.000130638 -5.53167e-05 1
14.3923 7.92072 10.6462 -0.126713 0.0195012 0.0212524 0
4.5949 3.99607 5.70117 0.00033707 -0.000216234 9.93577e-05 1
9.95923 7.81068 6.1642 0.0204969 0.00279247 -0.000654063 0
15.1158 3.39594 8.31815 0.000422081 -6.45791e-05 -0.000408632 1
12.967 14.0447 12.5472 -0.0289119 -0.0721854 -0.0277786 0
10.6054 9.44045 6.76179 9.92685e-05 -0.000222727 -0.00013166 1
8.53328 10.4687 12.4302 0.0265795 0.0023874 0.0187681 0
7.0129 13.0828 8.78896 0.000368935 -0.000156527 -2.74721e-05 1
9.57586 3.95434 6.65184 -0.0572365 -0.0170278 -0.0131765 0
1.45169 7.96193 4.2073 0.000376051 0.00014973 -0.000200817 1
14.347 6.94253 3.27439 -0.0134149 -0.00228045 0.0185685 0
8.34315 2.4003 1.05035 0.000430427 0.000385933 0.000127187 1
5.96494 12.9417 6.14566 0.0433413 -0.0368533 0.00105724 0
4.46943 10.3449 13.9775 0.000320719 0.000306091 0.000448906 1
8.1911 14.0018 0.727992 -0.0623615 0.000238361 -0.025508 0
6.42081 4.75689 10.909 0.000681452 -0.000146885 0.00015348 1
12.7227 6.64938 4.63407 -0.0123098 0.00144933 0.00380325 0
9.75864 6.11656 4.87125 -0.00021248 -0.000293226 -0.000103703 1
13.6224 12.6905 4.08257 0.0772924 0.0413868 0.0353087 0
7.01861 3.49428 2.08488 -1.21561e-05 0.000197388 -0.000231167 1
7.46756 9.3379 14.1718 -0.0179911 -0.00971996 -0.00996781 0
12.5855 0.27939 8.79484 2.28198e-05 0.000285418 3.94099e-06 1
15.8398 0.210398 6.65673 -0.0498361 0.0146028 0.0026661 0
14.2143 7.07202 2.28721 -0.000233793 0.000153635 0.000156539 1
10.3355 13.7239 11.8412 0.00269132 0.0189022 0.00835619 0
8.29168 9.39732 2.78554 -0.000153483 -5.23424e-05 -0.000207898 1
9.73722 9.79129 1.22377 0.0430588 0.0546414 -0.00763696 0
9.77396 4.22885 4.59917 0.000242236 -1.55177e-05 0.000339368 1
